EELSMODEL model file
Sun Nov 4 18:26:24 2007
FILENAME of HL spectrum:D:/My Documents/EMAT/jv20072610_NA4_round_robin/T3_C3/region2/SI_HL_cal.dm3
NAME of HL spectrum:D:/My Documents/EMAT/jv20072610_NA4_round_robin/T3_C3/region2/SI_HL_cal.dm3 [55]
256
energy	experiment	model	FixedPattern	Ca Hydrogenic L-edge	O Hydrogenic K-edge	Fe Hydrogenic L-edge	Power law background	Ca Fine Structure (DOS) with lifetime (cubic  spline)	O Fine Structure (DOS) with lifetime (cubic  spline)	Fe Fine Structure (DOS) with lifetime (cubic  spline)	Multiple scattering (FFT)
306.50001	3941.4144	3974.261	5.5420857	0	0	0	3968.5737	0	0	0	0.14526217
307.00001	3931.232	3949.7249	6.0002601	0	0	0	3943.5784	0	0	0	0.14626925
307.50001	3860.6432	3926.5615	7.640774	0	0	0	3918.7807	0	0	0	0.14003358
308.00001	3840.9664	3901.129	6.8124791	0	0	0	3894.179	0	0	0	0.13761854
308.50001	3846.0576	3877.5436	7.6286365	0	0	0	3869.7711	0	0	0	0.14384797
309.00001	3862.2944	3853.0351	7.3280583	0	0	0	3845.5555	0	0	0	0.15158188
309.50001	3869.0368	3829.6275	7.9483763	0	0	0	3821.5301	0	0	0	0.14893724
310.00001	3850.5984	3805.8971	8.0669337	0	0	0	3797.6933	0	0	0	0.13687867
310.50001	3827.6192	3782.7424	8.5758073	0	0	0	3774.0432	0	0	0	0.12335616
311.00001	3743.6832	3759.2877	8.5923114	0	0	0	3750.5781	0	0	0	0.11726067
311.50001	3746.9856	3735.7066	8.2907731	0	0	0	3727.2962	0	0	0	0.11957511
312.00001	3681.2128	3712.3055	7.9804777	0	0	0	3704.1959	0	0	0	0.12910956
312.50001	3685.616	3689.1182	7.6968666	0	0	0	3681.2754	0	0	0	0.14596312
313.00001	3700.752	3666.3409	7.6360004	0	0	0	3658.5329	0	0	0	0.17195682
313.5	3641.1712	3643.8925	7.7249546	0	0	0	3635.967	0	0	0	0.20058145
314	3607.4592	3621.5432	7.7500798	0	0	0	3613.5759	0	0	0	0.21727495
314.5	3573.6096	3599.2967	7.72724	0	0	0	3591.3579	0	0	0	0.21156137
315	3523.6608	3577.4156	7.9109196	0	0	0	3569.3116	0	0	0	0.19313009
315.5	3575.6736	3555.2998	7.6771783	0	0	0	3547.4352	0	0	0	0.18747339
316	3498.2048	3533.5726	7.6330187	0	0	0	3525.7272	0	0	0	0.21237454
316.5	3463.392	3512.2222	7.7805364	0	0	0	3504.1861	0	0	0	0.25559673
317	3532.88	3491.0032	7.9114931	0	0	0	3482.8102	0	0	0	0.28150754
317.5	3512.7904	3469.7778	7.9133941	0	0	0	3461.5982	0	0	0	0.26618317
318	3488.4352	3448.4562	7.6834595	0	0	0	3440.5484	0	0	0	0.22436893
318.5	3445.0912	3427.5873	7.7310459	0	0	0	3419.6594	0	0	0	0.19684826
319	3407.664	3406.8977	7.7573116	0	0	0	3398.9297	0	0	0	0.210756
319.5	3395.5552	3386.2487	7.636251	0	0	0	3378.3578	0	0	0	0.25463258
320	3344.0928	3365.5586	7.3271316	0	0	0	3357.9423	0	0	0	0.28920803
320.5	3326.0672	3345.0499	7.0829209	0	0	0	3337.6817	0	0	0	0.285199
321	3321.664	3324.7867	6.9675709	0	0	0	3317.5747	0	0	0	0.2444273
321.5	3284.3744	3304.4811	6.6649244	0	0	0	3297.6199	0	0	0	0.1962686
322	3295.52	3284.7282	6.740491	0	0	0	3277.8158	0	0	0	0.17194049
322.5	3263.3216	3265.0444	6.7003279	0	0	0	3258.1611	0	0	0	0.18305429
323	3306.1152	3245.5811	6.7121299	0	0	0	3238.6544	0	0	0	0.2146281
323.5	3263.5968	3226.2897	6.7576235	0	0	0	3219.2944	0	0	0	0.23773027
324	3199.7504	3207.198	6.8859147	0	0	0	3200.0798	0	0	0	0.232313
324.5	3153.9296	3188.1609	6.9491086	0	0	0	3181.0092	0	0	0	0.20259715
325	3106.8704	3168.9687	6.7121298	0	0	0	3162.0813	0	0	0	0.17526074
325.5	3186.2656	3150.2182	6.7524835	0	0	0	3143.295	0	0	0	0.17071188
326	3219.0144	3131.8206	6.9845142	0	0	0	3124.6488	0	0	0	0.18730524
326.5	3149.3888	3113.6246	7.2770722	0	0	0	3106.1415	0	0	0	0.20601646
327	3147.4624	3095.1908	7.2064547	0	0	0	3087.772	0	0	0	0.21234594
327.5	3105.4944	3076.859	7.1097614	0	0	0	3069.5389	0	0	0	0.21033245
328	3116.9152	3059.0511	7.3943255	0	0	0	3051.441	0	0	0	0.21579403
328.5	3055.9584	3041.0722	7.3596833	0	0	0	3033.4772	0	0	0	0.23533919
329	2989.0848	3023.221	7.3126668	0	0	0	3015.6462	0	0	0	0.2621627
329.5	2960.7392	3005.5132	7.2812619	0	0	0	2997.9468	0	0	0	0.28512538
330	2978.352	2988.1946	7.5176695	0	0	0	2980.3779	0	0	0	0.29903569
330.5	2995.552	2970.9504	7.7085849	0	0	0	2962.9384	0	0	0	0.30346168
331	2948.3552	2953.6725	7.743418	0	0	0	2945.627	0	0	0	0.30207097
331.5	2936.7968	2936.6513	7.9067336	0	0	0	2928.4427	0	0	0	0.30183452
332	2912.992	2919.6405	7.9444236	0	0	0	2911.3843	0	0	0	0.31180358
332.5	2903.36	2903.0244	8.2386952	0	0	0	2894.4507	0	0	0	0.33500142
333	2909.2768	2886.223	8.2192809	0	0	0	2877.6408	0	0	0	0.36289233
333.5	2859.6032	2869.8635	8.5293534	0	0	0	2860.9536	0	0	0	0.38052653
334	2864.144	2853.741	8.9711428	0	0	0	2844.3879	0	0	0	0.38193585
334.5	2810.48	2837.3476	9.0295783	0	0	0	2827.9427	0	0	0	0.37528685
335	2778.6944	2821.407	9.418072	0	0	0	2811.6169	0	0	0	0.37199988
335.5	2743.056	2805.7043	9.9182991	0	0	0	2795.4095	0	0	0	0.37644445
336	2727.6448	2789.8126	10.107501	0	0	0	2779.3195	0	0	0	0.38562547
336.5	2752.8256	2774.0983	10.350762	0	0	0	2763.3458	0	0	0	0.40170285
337	2775.5296	2758.6808	10.765143	0	0	0	2747.4874	0	0	0	0.42820885
337.5	2687.4656	2742.9974	10.792933	0	0	0	2731.7433	0	0	0	0.46112919
338	2694.896	2727.6519	11.051802	0	0	0	2716.1126	0	0	0	0.48746093
338.5	2670.9536	2712.4787	11.385096	0	0	0	2700.5942	0	0	0	0.49944075
339	2624.5824	2697.4923	11.801378	0	0	0	2685.1872	0	0	0	0.50370528
339.5	2656.368	2682.7503	12.344434	0	0	0	2669.8906	0	0	0	0.51528265
340	2672.4672	2668.0249	12.774993	0	0	0	2654.7034	0	0	0	0.54644523
340.5	2645.0848	2653.0778	12.862362	0	0	0	2639.6248	0	0	0	0.59067528
341	2617.0144	2638.3607	13.074214	0	0	0	2624.6537	0	0	0	0.63277015
341.5	2619.6288	2623.8865	13.434347	0	0	0	2609.7893	0	0	0	0.66283567
342	2623.6192	2609.435	13.717771	0	0	0	2595.0307	0	0	0	0.68650623
342.5	2645.4976	2595.1737	14.080954	0	0	0	2580.3769	0	0	0	0.71587138
343	2629.8112	2581.063	14.47649	0	0	0	2565.827	0	0	0	0.75947021
343.5	2587.7056	2567.3717	15.177529	0	0	0	2551.3802	0	0	0	0.81392191
344	2579.4496	2553.4805	15.570581	0	0	0	2537.0356	0	0	0	0.8742888
344.5	2579.4496	2539.6647	15.932431	0	0	0	2522.7923	0	0	0	0.93998445
345	2554.8192	2525.8334	16.178167	0	0	0	2508.6494	0	0	0	1.0058444
345.5	2540.9216	2512.1145	16.483285	0	0	0	2494.6062	0	0	0	1.0251072
346	2492.2112	2498.6787	17.14378	0	0	0	2480.6616	0	0	0	0.87327546
346.5	2442.6752	2484.7806	17.639062	0	0	0	2466.815	0	0	0	0.32653823
347	2489.4592	2470.1023	17.959789	0	0	0	2453.0655	0	0	0	-0.92298854
347.5	2470.608	2454.7262	18.592311	0	0	0	2439.4123	0	0	0	-3.2783477
348	2410.6144	2437.2715	18.930743	0	0	0	2425.8545	0	0	0	-7.5137449
348.5	2407.7248	2415.9489	19.364918	0	0	0	2412.3913	0	0	0	-15.807327
349	2365.4816	2387.8344	20.122689	0	0	0	2399.0221	0	0	0	-31.310356
349.5	2382.6816	2355.9876	20.871877	262.67527	0	0	2385.7459	-0.35159944	0	0	-50.630162
350	2359.152	2337.4493	21.440437	287.69994	0	0	2372.562	-0.67883648	0	0	-56.553054
350.5	2377.3152	2352.5332	22.161845	300.93003	0	0	2359.4696	-0.60168518	0	0	-29.098189
351	2389.1488	2399.2178	22.809963	315.27162	0	0	2346.4679	0.076345306	0	0	29.939915
351.5	2381.4432	2446.0111	23.38672	324.29215	0	0	2333.5563	0.80048626	0	0	89.068034
352	2450.5184	2463.1603	24.284947	331.56789	0	0	2320.7339	0.82377428	0	0	118.14142
352.5	2501.568	2473.5731	25.080972	337.58245	0	0	2308.0001	-0.22901981	0	0	140.4921
353	2626.6464	2568.4534	25.77307	339.55538	0	0	2295.354	-1.176027	0	0	247.32638
353.5	2879.968	2840.0291	26.498274	343.81687	0	0	2282.7949	-0.42774376	0	0	530.7359
354	3191.3568	3271.0106	27.253755	350.63165	0	0	2270.3222	2.9297531	0	0	973.43472
354.5	3594.8	3693.5994	28.061579	353.817	0	0	2257.935	6.9145352	0	0	1407.6028
355	3885.4112	3895.0504	29.156262	356.57677	0	0	2245.6328	8.7689153	0	0	1620.2613
355.5	3893.5296	3799.8419	29.844166	358.9731	0	0	2233.4148	6.6546385	0	0	1536.583
356	3647.9136	3558.2713	30.933122	361.05531	0	0	2221.2803	2.7665936	0	0	1306.058
356.5	3412.6176	3428.381	31.93986	362.86328	0	0	2209.2286	0.40521939	0	0	1187.2125
357	3492.8384	3556.7041	32.623003	364.42974	0	0	2197.259	1.9505637	0	0	1326.8221
357.5	3754.9664	3858.8677	33.742236	362.47464	0	0	2185.3709	5.650913	0	0	1639.7545
358	4112.0384	4102.8166	34.52703	366.94271	0	0	2173.5636	8.5956701	0	0	1894.7259
358.5	4222.8064	4106.6205	35.453809	364.60153	0	0	2161.8365	8.5401935	0	0	1909.3302
359	3915.5456	3857.5651	36.482433	368.76531	0	0	2150.1888	6.2994948	0	0	1670.8938
359.5	3469.1712	3477.0131	37.704449	369.45828	0	0	2138.62	3.5666563	0	0	1300.6886
360	3034.4928	3106.6205	38.752491	370.0231	0	0	2127.1294	1.749139	0	0	940.73864
360.5	2782.6848	2828.8683	39.594002	370.47081	0	0	2115.7163	0.91119099	0	0	673.55801
361	2677.2832	2658.244	40.757767	370.81115	0	0	2104.3802	0.72266171	0	0	513.10607
361.5	2617.4272	2569.3098	42.234268	367.68442	0	0	2093.1203	0.86834796	0	0	433.95521
362	2567.4784	2523.4307	43.452672	371.20336	0	0	2081.9362	1.1052223	0	0	398.04192
362.5	2449.4176	2487.3586	44.770999	367.89622	0	0	2070.8271	1.211939	0	0	371.76052
363	2398.9184	2444.4647	46.003105	367.88323	0	0	2059.7925	1.0307912	0	0	338.66912
363.5	2397.5424	2399.5496	47.340462	371.1746	0	0	2048.8317	0.7174603	0	0	303.37746
364	2390.112	2367.5269	48.479101	371.02358	0	0	2037.9442	0.52393786	0	0	281.10356
364.5	2401.2576	2356.7004	49.874513	370.80992	0	0	2027.1294	0.63485653	0	0	279.69645
365	2322	2357.4273	51.058665	367.16279	0	0	2016.3867	0.89518261	0	0	289.98194
365.5	2332.0448	2351.9238	52.211572	366.83751	0	0	2005.7156	1.0430988	0	0	293.99667
366	2344.704	2331.5108	53.407507	366.46165	0	0	1995.1153	0.8868299	0	0	282.98793
366.5	2315.6704	2306.2223	54.79798	369.40794	0	0	1984.5855	0.59618475	0	0	266.83883
367	2298.4704	2294.706	56.125057	368.9376	0	0	1974.1254	0.45725026	0	0	264.45548
367.5	2285.536	2304.9491	57.590712	368.4252	0	0	1963.7347	0.67860003	0	0	283.62369
368	2330.8064	2322.7821	58.862218	367.8733	0	0	1953.4126	1.0591336	0	0	310.50728
368.5	2338.7872	2324.7894	60.455218	363.92791	0	0	1943.1587	1.2629987	0	0	321.17548
369	2276.1792	2299.87	61.91421	363.30812	0	0	1932.9724	1.0408163	0	0	304.98338
369.49999	2278.3808	2262.627	63.292499	366.00347	0	0	1922.8532	0.61116867	0	0	276.48132
369.99999	2242.0544	2241.1566	64.965815	365.31566	0	0	1912.8006	0.35006727	0	0	263.39024
370.49999	2240.6784	2250.3849	66.241891	364.59866	0	0	1902.8139	0.54543578	0	0	281.32908
370.99999	2283.8848	2279.9213	67.715149	360.52158	0	0	1892.8928	0.99697987	0	0	319.31338
371.49999	2310.304	2302.4641	69.385237	363.08368	0	0	1883.0367	1.3364331	0	0	350.04225
371.99999	2290.352	2298.9599	70.996691	362.28872	0	0	1873.245	1.2724065	0	0	354.71824
372.49999	2261.3184	2275.1479	72.673831	358.15548	0	0	1863.5173	0.9500363	0	0	338.95675
372.99999	2279.0688	2253.9514	74.36618	357.32182	0	0	1853.8531	0.66804488	0	0	325.73221
373.49999	2259.392	2254.4496	75.885134	356.46776	0	0	1844.2518	0.69241995	0	0	334.31273
373.99999	2256.64	2277.2441	77.22898	358.89028	0	0	1834.713	0.9793615	0	0	365.30211
374.49999	2314.432	2306.9991	78.845177	354.70292	0	0	1825.2362	1.3150704	0	0	402.91774
374.99999	2313.4688	2325.4061	80.524029	353.79421	0	0	1815.8208	1.4865163	0	0	429.06121
375.49999	2320.3488	2324.6748	82.129011	356.14417	0	0	1806.4665	1.4173901	0	0	436.07924
375.99999	2329.7056	2310.9688	83.620557	355.1966	0	0	1797.1728	1.2354075	0	0	430.17553
376.49999	2301.9104	2298.2562	85.17129	354.23442	0	0	1787.9391	1.084943	0	0	425.14588
376.99999	2325.0272	2297.3266	86.560427	353.25845	0	0	1778.765	1.094713	0	0	432.00125
377.49999	2270.1248	2310.0551	88.345479	352.26945	0	0	1769.65	1.2485965	0	0	452.05965
377.99999	2310.8544	2327.9063	89.81114	351.26817	0	0	1760.5937	1.4521099	0	0	477.5014
378.49999	2341.264	2340.2545	91.415181	350.2553	0	0	1751.5957	1.6100003	0	0	497.24362
378.99999	2353.0976	2338.9263	92.735803	346.01066	0	0	1742.6554	1.6427547	0	0	503.53514
379.49999	2339.7504	2323.3665	94.529603	348.19745	0	0	1733.7725	1.5662069	0	0	495.06446
379.99999	2297.3696	2297.0959	96.374979	347.15369	0	0	1724.9464	1.4319058	0	0	475.77455
380.49999	2263.3824	2266.6109	98.276729	346.10081	0	0	1716.1768	1.2914629	0	0	452.15745
380.99999	2236.4128	2237.776	100.0595	345.03937	0	0	1707.4632	1.1923683	0	0	430.25333
381.49999	2213.5712	2214.0302	101.71416	343.96987	0	0	1698.8052	1.1428907	0	0	413.51092
381.99999	2200.912	2196.4219	103.43317	339.72261	0	0	1690.2023	1.1295909	0	0	402.78648
382.49999	2166.9248	2184.378	105.38573	338.64722	0	0	1681.6542	1.1387998	0	0	397.33808
382.99999	2153.7152	2175.7653	107.01261	337.56528	0	0	1673.1603	1.1569039	0	0	395.59236
383.49999	2167.7504	2169.5243	108.89625	336.47721	0	0	1664.7204	1.174811	0	0	395.90762
383.99999	2199.8112	2164.2705	110.82825	335.38342	0	0	1656.334	1.1912133	0	0	397.10827
384.49999	2205.4528	2159.3344	112.81697	334.28431	0	0	1648.0006	1.2055726	0	0	398.51676
384.99999	2141.3312	2154.2405	114.71166	333.18023	0	0	1639.72	1.2173505	0	0	399.80891
385.49999	2100.1888	2148.9175	116.61359	332.07156	0	0	1631.4916	1.2260388	0	0	400.81234
385.99999	2126.1952	2143.0908	118.52103	334.05702	0	0	1623.315	1.2316721	0	0	401.25473
386.49999	2144.9088	2136.4732	120.30743	329.84176	0	0	1615.19	1.2347548	0	0	400.97573
386.99999	2147.5232	2129.1647	121.83094	328.72128	0	0	1607.1161	1.2358074	0	0	400.21774
387.49999	2118.352	2121.8437	123.58402	327.59748	0	0	1599.0928	1.2353499	0	0	399.16683
387.99999	2140.9184	2114.2906	125.59178	329.53181	0	0	1591.1199	1.2338709	0	0	397.57888
388.49999	2110.9216	2106.0993	127.70345	325.34106	0	0	1583.1969	1.2310721	0	0	395.19898
388.99999	2073.4944	2097.4017	129.94381	324.20898	0	0	1575.3235	1.2258333	0	0	392.13434
389.49999	2079.5488	2087.5774	131.64836	323.07466	0	0	1567.4993	1.2169962	0	0	388.42972
389.99999	2062.4864	2076.7802	133.26496	324.96166	0	0	1559.7239	1.2034022	0	0	383.79139
390.49999	2052.992	2065.2495	135.20362	320.80027	0	0	1551.997	1.1838932	0	0	378.04893
390.99999	2081.2	2053.0606	137.28104	322.66486	0	0	1544.3181	1.1583828	0	0	371.46143
391.49999	2075.5584	2040.4302	139.12246	318.51971	0	0	1536.687	1.1303958	0	0	364.62076
391.99999	2026.0224	2028.3779	140.80261	317.37766	0	0	1529.1033	1.1042164	0	0	358.47199
392.49999	2008.96	2018.421	142.90089	316.23468	0	0	1521.5666	1.0841288	0	0	353.95356
392.99999	1988.5952	2010.4388	144.73947	318.05668	0	0	1514.0765	1.0744173	0	0	351.62277
393.49999	1978	2004.9911	146.58605	313.94672	0	0	1506.6328	1.0793376	0	0	351.77222
393.99999	2010.7488	2002.1836	148.63962	315.74843	0	0	1499.2351	1.0997577	0	0	354.30892
394.49999	2003.8688	2000.8601	150.58363	314.5939	0	0	1491.883	1.1299932	0	0	358.39345
394.99999	1991.6224	1999.9377	152.62727	313.43931	0	0	1484.5762	1.1636108	0	0	362.73426
395.49999	2033.3152	1997.818	154.44694	312.28483	0	0	1477.3143	1.1941769	0	0	366.05675
395.99999	2032.7648	1993.9829	156.5277	308.22316	0	0	1470.0971	1.2152582	0	0	367.3581
396.49999	1962.3136	1987.4973	158.67926	309.97678	0	0	1462.9242	1.2204215	0	0	365.89385
396.99999	1979.6512	1978.0379	160.89595	305.93555	0	0	1455.7953	1.2055364	0	0	361.34671
397.49999	1956.8096	1965.8019	162.93587	304.79269	0	0	1448.71	1.1746669	0	0	354.1561
397.99999	1914.9792	1951.6059	164.86566	306.51907	0	0	1441.668	1.133698	0	0	345.07226
398.49999	1948.5536	1936.4217	166.73819	302.50953	0	0	1434.669	1.0885151	0	0	335.01444
398.99999	1921.9968	1921.7953	168.78155	301.36947	0	0	1427.7128	1.0450033	0	0	325.30095
399.49999	1881.2672	1908.8337	170.86162	300.23057	0	0	1420.7989	1.0090478	0	0	317.17322
399.99999	1899.568	1898.1229	172.94363	301.92228	0	0	1413.9271	0.98644009	0	0	311.25225
400.49999	1923.648	1889.4993	174.82098	300.77626	0	0	1407.097	0.97914761	0	0	307.58129
400.99999	1913.1904	1883.0753	176.68757	296.82191	0	0	1400.3084	0.98406256	0	0	306.07939
401.49999	1896.6784	1878.9625	178.85154	295.68871	0	0	1393.5609	0.99772692	0	0	306.55006
401.99999	1844.528	1876.179	181.02642	297.34748	0	0	1386.8543	1.0166827	0	0	308.29825
402.49999	1866.4064	1873.7604	183.10594	293.42742	0	0	1380.1882	1.0374718	0	0	310.46623
402.99999	1861.4528	1871.1127	184.98675	292.2995	0	0	1373.5624	1.0566363	0	0	312.56348
403.49999	1841.3632	1868.1205	186.86562	291.1735	0	0	1366.9766	1.0707357	0	0	314.27834
403.99999	1873.0112	1864.6779	189.05926	292.80085	0	0	1360.4304	1.0779516	0	0	315.18825
404.49999	1866.2688	1860.2247	191.35378	291.66923	0	0	1353.9236	1.0793736	0	0	314.94731
404.99999	1853.3344	1854.5995	193.47402	287.80788	0	0	1347.456	1.0763939	0	0	313.66948
405.49999	1862.9664	1848.0308	195.29245	289.41257	0	0	1341.0271	1.0704046	0	0	311.71126
405.99999	1875.0752	1841.7904	197.78803	285.57517	0	0	1334.6368	1.0627979	0	0	309.36564
406.49999	1827.4656	1835.1891	199.96512	287.16515	0	0	1328.2847	1.0549659	0	0	306.93921
406.99999	1792.6528	1828.9284	202.23536	283.3519	0	0	1321.9706	1.0483008	0	0	304.72243
407.49999	1839.4368	1822.8242	204.27321	284.92749	0	0	1315.6943	1.0440934	0	0	302.85669
407.99999	1816.0448	1817.1368	206.45747	283.81247	0	0	1309.4554	1.0424647	0	0	301.22397
408.49999	1806	1811.4494	208.37181	280.03581	0	0	1303.2536	1.0427857	0	0	299.82403
408.99999	1812.6048	1806.407	210.44857	278.93568	0	0	1297.0888	1.044415	0	0	298.86971
409.49999	1788.9376	1801.6351	212.39589	280.48331	0	0	1290.9605	1.0467112	0	0	298.27869
409.99999	1817.9712	1796.9976	214.4554	279.37907	0	0	1284.8687	1.0490328	0	0	297.67348
410.49999	1799.808	1791.9019	216.31081	278.27765	0	0	1278.813	1.0507385	0	0	296.77811
410.99999	1760.7296	1786.5605	218.27786	277.17909	0	0	1272.7932	1.0511869	0	0	295.48949
411.49999	1756.1888	1780.7044	220.06014	273.47661	0	0	1266.8089	1.0497635	0	0	293.83537
411.99999	1764.1696	1774.495	221.80805	274.99075	0	0	1260.86	1.0464063	0	0	291.82694
412.49999	1765.2704	1768.1374	223.7457	271.3132	0	0	1254.9462	1.04157	0	0	289.44547
412.99999	1803.6608	1761.3352	225.38349	270.236	0	0	1249.0673	1.035729	0	0	286.88438
413.49999	1775.04	1754.6121	227.00085	269.16185	0	0	1243.2229	1.0293576	0	0	284.38828
413.99999	1765.5456	1748.1777	228.6821	268.09077	0	0	1237.413	1.0229303	0	0	282.08267
414.49999	1753.9872	1742.2815	230.6003	267.02282	0	0	1231.6371	1.0169215	0	0	280.04411
414.99999	1702.8	1736.4898	232.29618	265.95801	0	0	1225.8951	1.0118056	0	0	278.2985
415.49999	1705.9648	1731.3571	234.41682	267.42771	0	0	1220.1867	1.0080572	0	0	276.75354
415.99999	1692.3424	1726.382	236.50821	263.83796	0	0	1214.5118	1.0061057	0	0	275.362
416.49999	1746.0064	1721.2115	238.1213	265.29542	0	0	1208.87	1.0060632	0	0	274.22021
416.99999	1746.144	1716.3622	239.61957	261.73085	0	0	1203.2611	1.0079038	0	0	273.48145
417.49999	1706.928	1712.6018	241.56301	260.68221	0	0	1197.685	1.0116013	0	0	273.35377
417.99999	1728.256	1709.096	243.14657	262.12169	0	0	1192.1413	1.0171295	0	0	273.80812
418.49999	1721.9264	1706.4275	245.27576	261.07046	0	0	1186.6298	1.0244622	0	0	274.52197
418.99999	1692.6176	1703.6127	247.16085	260.02261	0	0	1181.1504	1.0335729	0	0	275.30148
419.49999	1646.7968	1701.0665	249.06552	256.52099	0	0	1175.7027	1.0444356	0	0	276.29827
419.99999	1694.1312	1699.3601	251.30111	255.48912	0	0	1170.2866	1.0570239	0	0	277.77238
420.49999	1705.1392	1698.0893	253.50525	256.89953	0	0	1164.9019	1.071295	0	0	279.68215
420.99999	1713.6704	1696.9301	255.55345	253.43564	0	0	1159.5483	1.0868044	0	0	281.82836
421.49999	1703.7632	1695.5185	257.23858	254.83472	0	0	1154.2256	1.1026945	0	0	284.05429
421.99999	1667.5744	1694.2507	259.25281	253.80754	0	0	1148.9336	1.1180889	0	0	286.06426
422.49999	1684.7744	1692.773	261.56568	252.78386	0	0	1143.6721	1.1321113	0	0	287.53516
422.99999	1691.9296	1690.4705	263.75961	251.7637	0	0	1138.4409	1.1438853	0	0	288.27
423.49999	1678.032	1687.268	265.74433	248.36254	0	0	1133.2398	1.1525344	0	0	288.28385
423.99999	1695.0944	1683.5592	267.7986	247.35841	0	0	1128.0685	1.1571822	0	0	287.69215
424.49999	1728.3936	1679.2793	269.99404	248.72444	0	0	1122.9268	1.1569525	0	0	286.35846
424.99999	1730.0448	1673.8428	271.96468	245.36075	0	0	1117.8146	1.1509686	0	0	284.06348
425.49998	1678.3072	1667.191	273.70901	246.71607	0	0	1112.7317	1.1384116	0	0	280.75033
425.99998	1660.2816	1659.5098	275.46188	245.71725	0	0	1107.6777	1.1196981	0	0	276.37016
426.49998	1619.0016	1651.3273	277.68105	244.72202	0	0	1102.6527	1.0964376	0	0	270.99361
426.99998	1605.2416	1642.0789	279.51674	243.73039	0	0	1097.6562	1.0702881	0	0	264.90597
427.49998	1623.8176	1633.1229	281.8652	240.42883	0	0	1092.6883	1.0429078	0	0	258.56948
427.99998	1632.7616	1624.3084	284.0514	239.45318	0	0	1087.7485	1.0159548	0	0	252.50851
428.49998	1594.096	1616.1167	286.15825	238.48111	0	0	1082.8369	0.99108714	0	0	247.1216
428.99998	1563.136	1608.7796	288.12255	237.51265	0	0	1077.9531	0.96996302	0	0	242.70404
429.49998	1592.1696	1602.8456	290.2919	238.82645	0	0	1073.0969	0.95424053	0	0	239.4568
429.99998	1585.4272	1597.9837	292.23867	237.85653	0	0	1068.2683	0.94557775	0	0	237.47678
430.49998	1584.0512	1594.3715	294.04551	236.89026	0	0	1063.467	0.94563279	0	0	236.859
430.99998	1625.744	1592.7063	296.38887	235.92762	0	0	1058.6927	0.95570131	0	0	237.62469
431.49998	1637.8528	1592.3043	298.7001	234.96862	0	0	1053.9454	0.9747158	0	0	239.6588
431.99998	1601.2512	1592.671	300.6132	231.77755	0	0	1049.2249	1.0006616	0	0	242.83292
432.49998	1610.0576	1594.3048	302.83706	233.06154	0	0	1044.5309	1.0315215	0	0	246.93683
432.99998	1589.1424	1596.5376	305.02616	229.89476	0	0	1039.8633	1.0652784	0	0	251.64811
433.49998	1600.7008	1599.0634	307.17123	228.95879	0	0	1035.222	1.099915	0	0	256.67025
433.99998	1607.5808	1601.0464	308.88107	230.22826	0	0	1030.6066	1.1334142	0	0	261.55875
434.49998	1615.2864	1602.5137	310.67727	227.0977	0	0	1026.0171	1.1637588	0	0	265.81935
434.99998	1624.9184	1602.5255	311.98042	228.35763	0	0	1021.4533	1.1889315	0	0	269.09182
435.49998	1592.032	1601.2802	313.40968	227.42778	0	0	1016.915	1.2069152	0	0	270.95551
435.99998	1566.1632	1598.5365	315.05463	226.50157	0	0	1012.402	1.2156928	0	0	271.07987
436.49998	1564.6496	1594.1616	316.79785	223.41888	0	0	1007.9142	1.2132936	0	0	269.44956
436.99998	1596.2976	1587.9065	318.25955	224.66006	0	0	1003.4514	1.1993792	0	0	266.19556
437.49998	1583.5008	1580.1516	319.63817	221.60112	0	0	999.01345	1.1756313	0	0	261.49993
437.99998	1587.3536	1571.4848	321.23013	222.83308	0	0	994.60014	1.1438572	0	0	255.6545
438.49998	1573.1808	1561.9574	322.74676	221.92503	0	0	990.21133	1.1058643	0	0	248.99928
438.99998	1580.8864	1552.1057	323.99636	218.9015	0	0	985.84685	1.0634598	0	0	242.26244
439.49998	1520.8928	1543.7625	325.36669	218.00881	0	0	981.50654	1.0184511	0	0	236.88925
439.99998	1550.4768	1538.2803	326.99508	219.2226	0	0	977.19025	0.97264545	0	0	234.09494
440.49998	1521.3056	1534.0501	328.55504	260.4208	0	0	972.89781	0.92785018	0	0	232.59729
440.99998	1466.128	1528.1524	329.94829	259.40021	0	0	968.62905	0.88587259	0	0	229.57509
441.49998	1510.5728	1520.4488	331.4725	255.89142	0	0	964.38384	0.84851997	0	0	224.59248
441.99998	1550.6144	1512.1912	332.7755	254.88803	0	0	960.162	0.81759963	0	0	219.25368
442.49998	1485.6672	1504.8679	334.13107	253.88857	0	0	955.96339	0.79491513	0	0	214.77347
442.99998	1478.7872	1498.6962	335.40026	255.35747	0	0	951.78785	0.78145013	0	0	211.50806
443.49998	1495.8496	1493.6187	336.57699	254.35667	0	0	947.63522	0.77634655	0	0	209.40654
443.99998	1469.2928	1489.8241	337.82395	250.91371	0	0	943.50536	0.77849516	0	0	208.49474
444.49998	1486.6304	1487.5818	339.31283	249.92991	0	0	939.39812	0.78678677	0	0	208.87082
444.99998	1499.0144	1486.2222	340.54614	251.37791	0	0	935.31334	0.80011214	0	0	210.36273
445.49998	1511.6736	1485.6525	341.74178	247.974	0	0	931.25089	0.81736207	0	0	212.65989
445.99998	1551.44	1485.9193	343.09486	247.00187	0	0	927.2106	0.83742734	0	0	215.61384
446.49998	1529.8368	1486.8904	344.61368	246.03362	0	0	923.19234	0.85919873	0	0	219.08433
446.99998	1490.3456	1487.621	345.68058	247.46113	0	0	919.19597	0.88156704	0	0	222.74443
447.49998	1510.2976	1488.0063	346.58683	246.4917	0	0	915.22133	0.90342304	0	0	226.19815
447.99998	1477.136	1488.1648	347.73677	245.52615	0	0	911.26829	0.92365752	0	0	229.15972
448.49998	1439.5712	1487.7131	348.93006	244.56448	0	0	907.3367	0.94116126	0	0	231.44633
448.99998	1459.1104	1486.4561	350.01764	241.25028	0	0	903.42643	0.95482554	0	0	233.01206
449.49998	1490.208	1484.956	351.4462	240.30514	0	0	899.53733	0.96391801	0	0	233.97242
449.99998	1462.2752	1482.9356	352.84525	239.36381	0	0	895.66928	0.96875713	0	0	234.42108
450.49998	1458.2848	1480.2318	354.11747	240.75642	0	0	891.82212	0.96984329	0	0	234.2922
450.99998	1451.68	1477.118	355.65368	239.81402	0	0	887.99572	0.96767687	0	0	233.46857
451.49998	1463.1008	1473.1798	357.0145	238.87544	0	0	884.18996	0.96275825	0	0	231.97538
451.99998	1474.7968	1468.6958	358.34165	237.94069	0	0	880.40469	0.95558783	0	0	229.94943
452.49998	1463.376	1463.5798	359.4211	237.00974	0	0	876.63979	0.94666598	0	0	227.51887
452.99998	1452.368	1458.4933	360.80991	236.08259	0	0	872.89512	0.9364931	0	0	224.78825
453.49998	1458.9728	1453.1549	362.15045	235.15923	0	0	869.17054	0.92556956	0	0	221.83387
453.99998	1476.5856	1447.7426	363.53597	234.23965	0	0	865.46594	0.91439575	0	0	218.74074
454.49998	1447.9648	1442.188	364.72181	231.0624	0	0	861.78118	0.90347206	0	0	215.68505
454.99998	1446.4512	1436.7878	365.85189	232.41178	0	0	858.11613	0.89329888	0	0	212.81979
455.49998	1448.1024	1431.7577	367.06946	229.25889	0	0	854.47067	0.88437658	0	0	210.21755
455.99998	1466.6784	1426.9704	368.0846	228.3627	0	0	850.84467	0.8772053	0	0	208.04115
456.49998	1428.976	1422.6493	368.9972	227.47021	0	0	847.23801	0.87211501	0	0	206.41412
456.99998	1431.1776	1418.6314	369.75013	228.80094	0	0	843.65055	0.86897227	0	0	205.23069
457.49998	1428.976	1415.2656	370.90835	227.90753	0	0	840.08219	0.86756547	0	0	204.27506
457.99998	1406.272	1412	372.03457	227.0178	0	0	836.53279	0.867683	0	0	203.43267
458.49998	1379.9904	1408.7879	373.09482	226.13177	0	0	833.00224	0.86911326	0	0	202.6908
458.99998	1390.448	1405.3719	373.75006	223.06281	0	0	829.49041	0.87164462	0	0	202.13148
459.49998	1378.752	1402.4594	374.59917	222.19227	0	0	825.99718	0.87506548	0	0	201.86303
459.99998	1363.0656	1399.74	375.4033	223.49565	0	0	822.52244	0.87916424	0	0	201.81425
460.49998	1383.0176	1396.9644	376.02251	220.46203	0	0	819.06607	0.88372928	0	0	201.87583
460.99998	1372.8352	1393.9645	376.30391	221.75645	0	0	815.62795	0.88854899	0	0	202.03263
461.49998	1373.6608	1391.179	376.81533	220.89228	0	0	812.20797	0.89341176	0	0	202.15567
461.99998	1409.712	1387.5342	376.64203	220.03172	0	0	808.80601	0.89810598	0	0	202.08621
462.49998	1397.6032	1382.0619	374.78614	217.04462	0	0	805.42195	0.90242004	0	0	201.8538
462.99998	1423.472	1378.4515	374.80993	216.19918	0	0	802.05568	0.90614234	0	0	201.5859
463.49998	1409.024	1374.6688	374.72769	217.47154	0	0	798.7071	0.90906148	0	0	201.23402
463.99998	1380.2656	1370.5799	374.50248	214.51889	0	0	795.37608	0.91105268	0	0	200.70134
464.49998	1343.8016	1366.3929	374.24456	213.68403	0	0	792.06252	0.91220804	0	0	200.08586
464.99998	1328.528	1362.0743	373.79275	212.85267	0	0	788.76631	0.91265312	0	0	199.51526
465.49998	1316.0064	1357.4396	372.93538	212.02481	0	0	785.48733	0.91251347	0	0	199.01692
465.99998	1341.7376	1352.8288	372.11786	213.27558	0	0	782.22549	0.91191463	0	0	198.48541
466.49998	1359.3504	1347.6598	370.91038	212.44693	0	0	778.98066	0.91098215	0	0	197.76873
466.99998	1378.4768	1342.6131	369.94327	209.56204	0	0	775.75275	0.90984158	0	0	196.91704
467.49998	1345.3152	1337.2102	368.62207	210.80008	0	0	772.54165	0.90861847	0	0	196.04645
467.99998	1346.1408	1331.6417	367.17943	209.98185	0	0	769.34725	0.90743836	0	0	195.11505
468.49998	1346.1408	1326.2213	365.90485	207.13027	0	0	766.16945	0.90642679	0	0	194.14703
468.99998	1301.8336	1320.4655	364.24031	208.35573	0	0	763.00815	0.90570933	0	0	193.21706
469.49998	1309.8144	1314.7498	362.55713	205.52614	0	0	759.86323	0.90541151	0	0	192.32942
469.99998	1314.4928	1308.9001	360.60347	204.72916	0	0	756.73461	0.90565888	0	0	191.56199
470.49998	1313.5296	1303.2021	358.56936	203.93555	0	0	753.62217	0.90657699	0	0	191.01057
470.99998	1302.7968	1297.692	356.44292	203.1453	0	0	750.52582	0.90829139	0	0	190.72331
471.49998	1302.9344	1292.6594	354.48359	202.35839	0	0	747.44546	0.9109275	0	0	190.73039
471.99998	1298.256	1287.1901	351.86162	203.55917	0	0	744.38098	0.91454693	0	0	190.94748
472.49998	1281.744	1281.845	349.3151	202.77154	0	0	741.33229	0.91904255	0	0	191.19764
472.99998	1271.424	1276.4454	346.77563	201.98725	0	0	738.2993	0.9242796	0	0	191.37047
473.49998	1275.9648	1271.0199	344.28542	201.20628	0	0	735.28189	0.93012336	0	0	191.4526
473.99998	1260.8288	1265.6145	341.78693	198.47361	0	0	732.27999	0.93643911	0	0	191.54758
474.49998	1247.2064	1259.7144	338.61034	197.70652	0	0	729.29348	0.9430921	0	0	191.8106
474.99998	1248.9952	1254.1507	335.62152	198.88321	0	0	726.32229	0.9499476	0	0	192.20688
475.49998	1231.9328	1248.5318	332.56317	196.1821	0	0	723.3663	0.95687089	0	0	192.60233
475.99998	1211.1552	1242.8319	329.48108	197.35089	0	0	720.42543	0.96372722	0	0	192.92537
476.49998	1205.9264	1237.3644	326.72107	194.67062	0	0	717.49959	0.97038188	0	0	193.1437
476.99998	1225.6032	1233.5827	325.66487	193.91969	0	0	714.58868	0.97670013	0	0	193.32913
477.49998	1229.0432	1227.9806	322.72349	193.17197	0	0	711.69261	0.98254723	0	0	193.5645
477.99998	1211.7056	1222.1567	319.51266	192.42743	0	0	708.81129	0.98778845	0	0	193.83278
478.49998	1216.7968	1216.1851	316.22344	193.57676	0	0	705.94462	0.99228907	0	0	194.01704
478.99998	1183.7728	1210.0894	312.95794	190.94785	0	0	703.09253	0.99591435	0	0	194.0389
479.49998	1177.9936	1204.0456	309.89406	192.0895	0	0	700.25492	0.99852955	0	0	193.8966
479.99998	1200.4224	1197.7038	306.73552	191.35062	0	0	697.4317	0.99999996	0	0	193.53663
480.49998	1185.9744	1191.1043	303.47375	188.75205	0	0	694.62279	1	0	0	193.00777
480.99998	1177.5808	1184.9666	300.70448	189.8823	0	0	691.82809	1	0	0	192.43402
481.49997	1143.0432	1178.7935	297.87245	187.30375	0	0	689.04752	1	0	0	191.87357
481.99997	1126.3936	1172.5426	294.91401	188.42647	0	0	686.28099	1	0	0	191.34762
482.49997	1134.512	1166.3767	292.06279	187.70321	0	0	683.52843	1	0	0	190.78551
482.99997	1129.8336	1160.0048	289.12188	186.98304	0	0	680.78973	1	0	0	190.09323
483.49997	1148.272	1153.8806	286.58763	186.26595	0	0	678.06483	1	0	0	189.22817
483.99997	1175.2416	1147.4512	283.84751	183.73677	0	0	675.35364	1	0	0	188.25008
484.49997	1130.6592	1141.1181	281.15927	183.03249	0	0	672.65606	1	0	0	187.30277
484.99997	1152.4	1135.0628	278.62751	182.33122	0	0	669.97203	1	0	0	186.46323
485.49997	1144.144	1129.1972	276.16186	181.63295	0	0	667.30146	1	0	0	185.73389
485.99997	1140.5664	1123.2005	273.435	180.93766	0	0	664.64426	1	0	0	185.1212
486.49997	1164.3712	1117.5694	270.96299	180.24535	0	0	662.00036	1	0	0	184.60604
486.99997	1160.3808	1112.0618	268.6225	181.33131	0	0	659.36968	1	0	0	184.06964
487.49997	1131.4848	1106.4671	266.2714	178.86959	0	0	656.75213	1	0	0	183.44354
487.99997	1125.1552	1100.6575	263.66804	178.18612	0	0	654.14765	1	0	0	182.84178
488.49997	1118.9632	1094.9489	261.12567	179.26133	0	0	651.55614	1	0	0	182.26708
488.99997	1089.104	1089.6368	259.08835	178.57723	0	0	648.97754	1	0	0	181.57096
489.49997	1088.5536	1083.9395	256.73049	176.15321	0	0	646.41176	1	0	0	180.79722
489.99997	1072.0416	1078.5995	254.61011	175.48137	0	0	643.85873	1	0	0	180.13067
490.49997	1092.6816	1073.3591	252.49402	176.54243	0	0	641.31837	1	0	0	179.54673
490.99997	1058.2816	1068.472	250.7385	174.14629	0	0	638.7906	1	0	0	178.94294
491.49997	1063.0976	1063.3051	248.63306	173.48303	0	0	636.27536	1	0	0	178.3967
491.99997	1059.1072	1058.3399	246.63426	174.53364	0	0	633.77256	1	0	0	177.93305
492.49997	1046.0352	1053.6666	244.94899	173.86976	0	0	631.28214	1	0	0	177.43549
492.99997	1039.568	1048.9456	243.29961	173.20872	0	0	628.80401	1	0	0	176.842
493.49997	1033.5136	1044.0321	241.55267	172.55051	0	0	626.33811	1	0	0	176.14135
493.99997	1056.9056	1039.0289	239.83554	171.89512	0	0	623.88436	1	0	0	175.30897
494.49997	1043.8336	1033.802	237.94785	169.56269	0	0	621.44269	1	0	0	174.41148
494.99997	1039.7056	1028.9092	236.28756	168.91906	0	0	619.01303	1	0	0	173.6086
495.49997	1039.568	1024.2987	234.74843	168.27818	0	0	616.59531	1	0	0	172.95499
495.99997	1048.6496	1019.353	232.84212	169.30147	0	0	614.18946	1	0	0	172.32146
496.49997	1029.3856	1014.4792	231.08151	167.00463	0	0	611.7954	1	0	0	171.60228
496.99997	1012.8736	1009.803	229.51755	166.37195	0	0	609.41307	1	0	0	170.87236
497.49997	1005.5808	1005.4015	228.14099	165.74197	0	0	607.0424	1	0	0	170.21807
497.99997	996.3616	1000.8061	226.4621	165.11469	0	0	604.68332	1	0	0	169.66066
498.49997	989.6192	996.53006	225.00674	164.49009	0	0	602.33576	1	0	0	169.18756
498.99997	971.8688	992.39424	223.68593	165.49343	0	0	599.99965	1	0	0	168.70865
499.49997	980.5376	988.28604	222.43316	163.24891	0	0	597.67493	1	0	0	168.17794
499.99997	968.016	984.22747	221.17281	162.6323	0	0	595.36153	1	0	0	167.69313
500.49997	950.9536	980.07069	219.76977	163.62583	0	0	593.05939	1	0	0	167.24153
500.99997	987.5552	976.07787	218.63181	163.00861	0	0	590.76843	1	0	0	166.67763
501.49997	971.456	971.82603	217.32937	160.79824	0	0	588.48859	1	0	0	166.00806
501.99997	953.1552	967.35235	215.82105	161.78208	0	0	586.21981	1	0	0	165.31149
502.49997	956.4576	963.34149	214.78533	159.58858	0	0	583.96202	1	0	0	164.59414
502.99997	965.4016	959.14782	213.52706	158.98762	0	0	581.71516	1	0	0	163.9056
503.49997	956.8704	955.26721	212.48446	158.38923	0	0	579.47916	1	0	0	163.3036
503.99997	959.6224	951.70358	211.677	157.79341	0	0	577.25397	1	0	0	162.7726
504.49997	963.7504	948.0731	210.81975	158.76133	0	0	575.03951	1	0	0	162.21384
504.99997	960.7232	944.47276	210.07358	156.60938	0	0	572.83573	1	0	0	161.56345
505.49997	973.1072	940.60325	209.0575	156.02116	0	0	570.64256	1	0	0	160.90318
505.99997	946.9632	937.04931	208.28414	155.43545	0	0	568.45995	1	0	0	160.30522
506.49997	941.0464	933.32389	207.26488	154.85225	0	0	566.28783	1	0	0	159.77118
506.99997	925.2224	929.63506	206.22892	154.27154	0	0	564.12614	1	0	0	159.28
507.49997	923.296	925.92332	205.19695	155.22075	0	0	561.97482	1	0	0	158.75155
507.99997	917.792	922.20801	204.23288	153.11754	0	0	559.83381	1	0	0	158.14132
508.49997	895.3632	918.59604	203.33533	152.54423	0	0	557.70305	1	0	0	157.55767
508.99997	897.84	915.3565	202.70948	151.97337	0	0	555.58248	1	0	0	157.06454
509.49997	893.8496	912.01948	201.98554	152.91035	0	0	553.47205	1	0	0	156.56189
509.99997	892.6112	908.21861	200.87135	150.83896	0	0	551.37169	1	0	0	155.97557
510.49997	931.552	904.85898	200.1885	150.27537	0	0	549.28135	1	0	0	155.38913
510.99997	922.1952	901.37263	199.35968	151.20329	0	0	547.20096	1	0	0	154.81199
511.49997	909.536	897.86482	198.54479	149.15541	0	0	545.13048	1	0	0	154.18955
511.99997	880.64	893.88246	197.23175	148.59901	0	0	543.06985	1	0	0	153.58086
512.49997	875.5488	890.49564	196.42828	148.04497	0	0	541.019	1	0	0	153.04835
512.99997	879.264	887.24415	195.67107	147.4933	0	0	538.97789	1	0	0	152.59519
513.49997	921.3696	883.80603	194.63181	146.94398	0	0	536.94646	1	0	0	152.22776
513.99997	904.032	880.72014	193.90619	147.85407	0	0	534.92465	1	0	0	151.8893
514.49997	898.1152	877.52832	193.15589	147.30416	0	0	532.9124	1	0	0	151.46003
514.99997	875.824	874.38346	192.5818	146.75659	0	0	530.90967	1	0	0	150.89199
515.49997	859.1744	871.18906	191.99778	144.77	0	0	528.9164	1	0	0	150.27488
515.99997	857.248	867.83359	191.18318	144.23228	0	0	526.93253	1	0	0	149.71787
516.49997	875.824	864.91551	190.78875	145.12781	0	0	524.95802	1	0	0	149.16874
516.99997	856.4224	861.49978	189.94725	143.16368	0	0	522.9928	1	0	0	148.55972
517.49997	858.7616	858.64841	189.62306	142.63279	0	0	521.03683	1	0	0	147.98852
517.99997	870.5952	855.33628	188.74887	143.51971	0	0	519.09006	1	0	0	147.49736
518.49997	861.376	851.80789	187.62432	141.57776	0	0	517.15242	1	0	0	147.03115
518.99997	851.8816	848.49567	186.7342	142.45901	0	0	515.22387	1	0	0	146.53759
519.49997	846.24	845.42801	186.13554	140.53169	0	0	513.30437	1	0	0	145.9881
519.99997	847.2032	841.92489	185.09988	140.01198	0	0	511.39385	1	0	0	145.43116
520.49997	830.6912	838.72595	184.36763	140.88477	0	0	509.49227	1	0	0	144.86605
520.99997	818.5824	835.61149	183.73227	138.97917	0	0	507.59957	1	0	0	144.27965
521.49997	846.928	832.46722	182.99867	138.46605	0	0	505.71571	1	0	0	143.75284
521.99997	834.4064	829.30116	182.19704	139.33049	0	0	503.84064	1	0	0	143.26348
522.49997	825.8752	826.46617	181.77349	137.44633	0	0	501.9743	1	0	0	142.71838
522.99997	812.8032	823.23929	180.9727	136.93971	0	0	500.11666	1	0	0	142.14994
523.49997	810.464	820.30171	180.41558	136.43524	0	0	498.26765	1	0	0	141.61848
523.99997	826.4256	817.15791	179.59325	135.9329	0	0	496.42724	1	0	0	141.13742
524.49997	844.3136	814.53291	179.20917	135.43269	0	0	494.59536	1	0	0	140.72837
524.99997	833.3056	811.31345	178.13516	134.9346	0	0	492.77199	1	0	0	140.4063
525.49997	830.9664	808.76387	177.69035	135.77989	0	0	490.95706	1	0	0	140.11646
525.99997	821.472	806.1208	177.15933	133.94474	0	0	489.15053	1	0	0	139.81093
526.49997	773.5872	803.86687	177.01744	134.78465	0	0	487.35236	1	0	0	139.49707
526.99997	788.8608	800.94885	176.25669	134.29018	0	0	485.5625	1	0	0	139.12967
527.49997	784.32	798.16398	175.70716	133.7978	0	0	483.78089	1	0	0	138.67593
527.99997	777.44	795.43584	175.28901	133.3075	0	0	482.0075	1	0	0	138.13933
528.49997	783.0816	792.52935	174.81098	132.81927	0	0	480.24229	1	0	0	137.47608
528.99997	776.064	789.23901	174.15922	132.3331	0	0	478.48519	1	0	0	136.5946
529.49997	764.9184	785.50283	173.3264	130.54552	0	0	476.73618	1	0	0	135.44025
529.99997	777.9904	781.65079	172.79494	131.3669	0	0	474.9952	1	0	0	133.86065
530.49997	758.864	776.90413	172.37307	130.88686	0	0	473.26221	1	0	0	131.26884
530.99997	748.6816	770.20931	171.65756	129.11925	0	0	471.53717	1	0	0	127.01458
531.49997	748.2688	763.30525	171.06332	128.64783	763.94443	0	469.82003	1	-0.033774672	0	122.42189
531.99997	767.3952	760.54594	170.29205	129.45884	768.35027	0	468.11075	1	-0.064476242	0	122.14314
532.49997	784.0448	767.2386	169.81993	127.71095	757.94946	0	466.40929	1	-0.054736743	0	131.00938
532.99997	794.2272	782.36377	169.24269	127.24546	754.97312	0	464.7156	1	0.014537915	0	148.40549
533.49997	784.0448	798.3701	168.81557	128.04878	759.3369	0	463.02964	1	0.097248379	0	166.5249
533.99997	801.3824	805.21542	167.87348	126.32035	749.06233	0	461.35136	1	0.1327715	0	175.99059
534.49997	810.6016	801.3616	167.37389	127.1186	753.39831	0	459.68073	1	0.087749123	0	174.30698
534.99997	785.9712	793.21507	166.52838	126.65644	750.44988	0	458.0177	1	0.015656178	0	168.66898
535.49997	785.5584	792.5096	166.20474	124.94724	740.29973	0	456.36224	1	-0.012819048	0	169.94262
535.99997	809.9136	803.86049	166.06328	124.49338	737.40619	0	454.71429	1	0.041199024	0	183.08292
536.49997	841.8368	822.28275	165.74147	125.28157	741.68714	0	453.07383	1	0.12601267	0	203.46745
536.99997	821.8848	839.87624	165.04805	123.59136	731.65963	0	451.4408	1	0.1739941	0	223.38739
537.49996	854.2208	856.29758	164.46292	123.14319	728.80647	0	449.81517	1	0.15227204	0	242.01949
537.99996	880.3648	881.14792	164.11418	122.6969	725.96663	0	448.1969	1	0.11659267	0	268.83684
538.49996	926.8736	928.28218	163.68142	123.47519	730.19333	0	446.58594	1	0.13652678	0	318.01482
538.99996	1023.6064	1007.9884	163.13853	123.02832	727.35328	0	444.98226	1	0.25932641	0	399.86758
539.49996	1116.7616	1122.0801	163.11241	122.58332	724.52645	0	443.38582	1	0.4811895	0	515.5819
539.99996	1248.1696	1260.4426	162.64242	122.14018	721.71276	0	441.79658	1	0.79102452	0	656.00361
540.49996	1416.8672	1404.9193	162.05813	120.49336	711.9646	0	440.2145	1	1.1504045	0	802.64669
540.99996	1523.5072	1531.7067	161.13728	121.25947	716.12453	0	438.63954	1	1.4647023	0	931.92985
541.49996	1622.992	1623.8343	160.81556	119.6248	706.45449	0	437.07166	1	1.6331325	0	1025.9471
541.99996	1677.344	1679.8858	160.43096	119.19325	703.71858	0	435.51082	1	1.6321232	0	1083.944
542.49996	1744.6304	1714.8067	159.92534	119.95215	707.83901	0	433.95699	1	1.5810134	0	1120.9243
542.99996	1715.0464	1745.2837	159.20982	118.33554	698.28473	0	432.41012	1	1.6133068	0	1153.6638
543.49996	1780.8192	1774.9619	158.79898	117.90937	695.58665	0	430.87019	1	1.7656394	0	1185.2927
543.99996	1787.8368	1788.9623	158.50185	118.66115	699.66798	0	429.33715	1	1.9130085	0	1201.1233
544.49996	1762.1056	1768.4123	157.54446	117.06237	690.22784	0	427.81096	1	1.9168597	0	1183.0569
544.99996	1732.9344	1711.2323	157.10613	117.80944	694.28333	0	426.2916	1	1.7380875	0	1127.8345
545.49996	1621.7536	1631.8866	156.75795	116.22242	684.91837	0	424.77901	1	1.487383	0	1050.3497
545.99996	1546.8992	1551.3819	156.13932	116.96482	688.94821	0	423.27317	1	1.2861947	0	971.96944
546.49996	1481.6768	1483.528	155.67645	116.54514	686.29905	0	421.77404	1	1.1853066	0	906.07748
546.99996	1424.4352	1429.3935	155.02456	116.12721	683.66208	0	420.28158	1	1.1393238	0	854.08733
547.49996	1412.7392	1384.7832	154.70865	115.71102	681.03722	0	418.79576	1	1.0968668	0	811.27876
547.99996	1325.776	1345.2467	154.13086	115.29656	678.42442	0	417.31654	1	1.0377676	0	773.79926
548.49996	1302.5216	1310.8729	153.62026	113.74424	669.28078	0	415.84389	1	0.98027378	0	741.40872
548.99996	1284.9088	1282.3267	153.0982	114.47281	673.23471	0	414.37777	1	0.94428921	0	714.85074
549.49996	1268.2592	1258.203	152.83364	114.0635	670.65768	0	412.91815	1	0.92980135	0	692.4512
549.99996	1238.6752	1234.2454	152.1387	113.65589	668.09244	0	411.46499	1	0.91461889	0	670.64174
550.49996	1200.2848	1208.1808	151.24503	113.24997	665.53893	0	410.01825	1	0.87639411	0	646.91753
550.99996	1185.5616	1181.5352	150.60276	111.7259	656.57499	0	408.57791	1	0.81622909	0	622.35451
551.49996	1141.6672	1158.208	149.96479	111.32725	654.06859	0	407.14393	1	0.75885902	0	601.09926
551.99996	1149.5104	1142.0926	149.48923	112.04228	657.94818	0	405.71628	1	0.7290679	0	586.88708
552.49996	1144.4192	1133.7786	148.57584	110.53489	649.09004	0	404.29491	1	0.7321743	0	580.90785
552.99996	1137.6768	1132.9363	148.11654	110.14118	646.61778	0	402.87981	1	0.75574218	0	581.93992
553.49996	1123.9168	1135.8585	147.64817	110.84955	650.46079	0	401.47093	1	0.78678258	0	586.7394
553.99996	1138.0896	1138.6809	147.19898	109.35863	641.70697	0	400.06824	1	0.81392693	0	591.41373
554.49996	1132.7232	1138.142	146.44469	110.0626	645.5258	0	398.67171	1	0.82714394	0	593.02558
554.99996	1139.8784	1133.8097	145.84755	108.58254	636.84071	0	397.28131	1	0.81697467	0	590.68079
555.49996	1132.448	1128.0248	145.5874	108.1969	634.42415	0	395.897	1	0.78857729	0	586.54042
555.99996	1123.9168	1124.5549	145.27497	107.81286	632.01854	0	394.51876	1	0.76318218	0	584.76121
556.49996	1132.0352	1126.6134	144.585	108.50812	635.78952	0	393.14655	1	0.76282547	0	588.88183
556.99996	1123.504	1135.8045	144.06914	107.04952	627.23999	0	391.78033	1	0.79891784	0	599.95502
557.49996	1145.3824	1149.8678	143.54571	107.74048	630.98729	0	390.42008	1	0.85444061	0	615.90197
557.99996	1177.856	1164.6421	143.12825	107.35903	628.60245	0	389.06577	1	0.90767078	0	632.4481
558.49996	1177.9936	1176.7826	142.90495	106.97915	626.22838	0	387.71736	1	0.93811967	0	646.16028
558.99996	1176.2048	1185.7172	142.42901	105.54165	617.8119	0	386.37483	1	0.94567552	0	656.91334
559.49996	1192.304	1193.9681	141.80485	106.22408	621.51233	0	385.03814	1	0.94694971	0	667.12514
559.99996	1213.632	1204.5639	141.33329	105.84887	619.17024	0	383.70726	1	0.95904821	0	679.52335
560.49996	1228.3552	1219.4333	141.11137	104.42698	610.85194	0	382.38216	1	0.99665008	0	695.9398
560.99996	1225.4656	1237.8401	140.75603	105.10309	614.51765	0	381.06282	1	1.0543975	0	716.02124
561.49996	1244.1792	1257.0686	140.33458	103.69148	606.26404	0	379.7492	1	1.1170584	0	736.98482
561.99996	1280.0928	1273.8554	140.11514	104.36342	609.9068	0	378.44126	1	1.1693318	0	755.29903
562.49996	1297.568	1285.444	139.82549	102.96202	601.71728	0	377.13899	1	1.1973874	0	768.47952
562.99996	1295.2288	1291.6073	139.56522	103.62982	605.33726	0	375.84235	1	1.20315	0	776.19969
563.49996	1300.32	1293.9271	139.13467	102.23854	597.21125	0	374.55132	1	1.1981045	0	780.24115
563.99996	1262.2048	1295.3928	138.55743	101.87903	594.97337	0	373.26586	1	1.19387	0	783.56954
564.49996	1306.3744	1298.1319	138.00901	102.54066	598.55946	0	371.98594	1	1.2019339	0	788.13699
564.99996	1312.704	1302.2323	137.61821	101.16441	590.52761	0	370.71154	1	1.2255725	0	793.90258
565.49996	1313.392	1305.6426	136.9406	101.82197	594.09131	0	369.44263	1	1.2551446	0	799.2594
565.99996	1298.256	1306.5981	136.68949	100.45563	586.12152	0	368.17918	1	1.2798758	0	801.72948
566.49996	1301.008	1302.6309	136.30292	100.10342	583.93322	0	366.92115	1	1.2889915	0	799.40687
566.99996	1303.3472	1292.9043	135.7496	99.752647	581.75468	0	365.66853	1	1.2728168	0	791.48615
567.49996	1278.992	1278.0102	135.23033	100.40215	585.27406	0	364.42129	1	1.2347377	0	778.35858
567.99996	1236.336	1260.0972	134.75333	99.055398	577.42668	0	363.17939	1	1.1867	0	762.16447
568.49996	1228.768	1242.3688	134.12254	99.700911	580.92412	0	361.94281	1	1.1407985	0	746.30349
568.99996	1257.5264	1228.5127	133.72699	98.363832	573.13711	0	360.71153	1	1.1091278	0	734.07414
569.49996	1240.464	1220.6467	133.31925	98.020165	571.00662	0	359.4855	1	1.1026693	0	727.84198
569.99996	1213.2192	1218.9805	132.86224	97.6779	568.88558	0	358.26472	1	1.1194769	0	727.85358
570.49996	1217.072	1221.2861	132.36907	98.315522	572.33962	0	357.04915	1	1.149273	0	731.86788
570.99996	1213.632	1224.6325	132.1905	96.997548	564.6717	0	355.83876	1	1.181641	0	736.60326
571.49996	1207.9904	1225.6821	132.06067	97.631266	568.10426	0	354.63352	1	1.2061645	0	738.98786
571.99996	1213.3568	1221.7407	131.48759	96.322727	560.49507	0	353.43342	1	1.2125296	0	736.81969
572.49996	1222.3008	1212.9926	130.96509	95.987375	558.42061	0	352.23842	1	1.1970177	0	729.78912
572.99996	1217.6224	1200.7666	130.59219	95.653386	556.35531	0	351.0485	1	1.1663989	0	719.12591
573.49996	1192.1664	1186.9318	130.65136	96.279376	559.74537	0	349.86364	1	1.1283776	0	706.41681
573.99996	1192.4416	1172.2701	130.28669	95.94483	557.67866	0	348.6838	1	1.0906581	0	693.29959
574.49996	1148.4096	1159.1532	129.86089	95.611642	555.62106	0	347.50896	1	1.0609446	0	681.78335
574.99996	1131.6224	1149.6297	129.3814	94.330946	548.18489	0	346.33909	1	1.0464793	0	673.90918
575.49996	1143.7312	1144.3214	128.71542	94.949316	551.53302	0	345.17418	1	1.047762	0	670.43184
575.99996	1153.088	1142.994	128.61449	94.620165	549.50248	0	344.01419	1	1.0601885	0	670.36531
576.49996	1130.6592	1143.5835	128.21974	93.353134	542.15106	0	342.8591	1	1.0790282	0	672.50464
576.99996	1128.8704	1145.6819	127.98217	93.029835	540.15744	0	341.70889	1	1.0995507	0	675.99084
577.49996	1159.4176	1147.4511	127.62338	93.64069	543.46423	0	340.56352	1	1.1170254	0	679.26422
577.99996	1159.4176	1147.3513	127.46385	93.316837	541.46912	0	339.42298	1	1.1268577	0	680.46444
578.49996	1152.1248	1144.7592	127.33442	92.067766	534.22892	0	338.28724	1	1.127746	0	679.13751
578.99996	1156.9408	1140.5743	127.27482	91.749667	532.27005	0	337.15628	1	1.1217793	0	676.14324
579.49996	1107.9552	1135.3051	127.24914	92.353112	535.53606	0	336.03007	1	1.1112016	0	672.02591
579.99996	1132.1728	1129.1597	127.44269	92.034461	533.57566	0	334.90859	1	1.0982573	0	666.80844
580.49996	1110.7072	1121.7846	127.1437	91.717097	531.62382	0	333.79181	1	1.0851906	0	660.84908
580.99996	1110.1568	1114.579	126.99809	91.401012	529.68051	0	332.67972	1	1.0742455	0	654.90122
581.49996	1118.688	1108.4399	126.97903	90.178334	522.60343	0	331.57228	1	1.0672369	0	649.88855
581.99996	1121.9904	1103.5324	126.76834	90.77266	525.81927	0	330.46947	1	1.0639415	0	646.29459
582.49996	1102.3136	1099.7098	126.66364	90.46038	523.90126	0	329.37127	1	1.063532	0	643.67485
582.99996	1099.6992	1096.5691	126.78259	90.149358	521.99161	0	328.27767	1	1.0651809	0	641.50889
583.49996	1080.5728	1093.7825	126.71522	88.943919	515.02085	0	327.18862	1	1.0680609	0	639.87868
583.99996	1087.1776	1091.5159	126.62786	89.531062	518.19717	0	326.10412	1	1.0713444	0	638.78392
584.49996	1064.0608	1089.2148	126.65469	89.223776	516.31231	0	325.02413	1	1.074204	0	637.536
584.99996	1073.1424	1086.2134	126.72588	88.917725	514.43564	0	323.94864	1	1.0759424	0	635.53891
585.49996	1099.0112	1082.2265	126.31839	87.729245	507.56931	0	322.87763	1	1.0764875	0	633.03045
585.99996	1100.2496	1078.4196	126.02145	87.428619	505.72659	0	321.81106	1	1.0759543	0	630.58714
586.49996	1078.5088	1075.0249	126.14455	88.006923	508.85428	0	320.74892	1	1.0744583	0	628.13145
586.99996	1097.6352	1071.0271	126.07051	86.830981	502.06506	0	319.69119	1	1.0721148	0	625.26544
587.49996	1060.6208	1066.4803	125.98697	87.405792	505.17353	0	318.63784	1	1.069039	0	621.85553
587.99996	1040.8064	1061.2972	125.75552	86.238123	498.43514	0	317.58886	1	1.0653462	0	617.95279
588.49996	1045.3472	1056.2657	125.74637	85.943474	496.63194	0	316.54421	1	1.0611547	0	613.97506
588.99996	1044.2464	1051.4978	125.63045	85.650004	494.83652	0	315.50389	1	1.0566705	0	610.36346
589.49996	1059.9328	1047.0882	125.39481	85.357708	493.04884	0	314.46786	1	1.052201	0	607.22553
589.99996	1046.5856	1043.397	125.62091	85.923891	496.10984	0	313.43611	1	1.0480593	0	604.33999
590.49996	1029.6608	1039.2842	125.29299	84.776616	489.49657	0	312.40861	1	1.0445586	0	601.58262
590.99996	1033.376	1035.5653	125.14963	85.33939	492.53881	0	311.38535	1	1.042012	0	599.0303
591.49996	1044.1088	1031.7539	124.87385	85.048887	490.76481	0	310.3663	1	1.0407325	0	596.51375
591.99996	1032.5504	1028.3456	124.8272	83.91365	484.22528	0	309.35144	1	1.0410333	0	594.167
592.49996	1020.0288	1025.73	124.82681	83.628287	482.48327	0	308.34075	1	1.0432174	0	592.56246
592.99995	1012.8736	1023.9285	124.65437	83.344061	480.74872	0	307.33421	1	1.0472528	0	591.93993
593.49995	1036.816	1023.0981	124.54682	83.060966	479.02162	0	306.3318	1	1.0527005	0	592.21943
593.99995	1009.4336	1023.0153	124.4054	82.778999	477.30192	0	305.33351	1	1.0590973	0	593.27638
594.49995	1009.1584	1023.4806	124.46552	83.330023	480.27952	0	304.3393	1	1.0659796	0	594.67583
594.99995	1023.1936	1023.7865	124.74875	83.047522	478.55807	0	303.34916	1	1.0728842	0	595.68859
595.49995	1042.8704	1023.0972	124.78379	82.766144	476.84399	0	302.36307	1	1.0793477	0	595.95032
595.99995	1047.9616	1021.7159	124.65456	81.662301	470.4964	0	301.381	1	1.0849067	0	595.68036
596.49995	1010.8096	1020.278	124.83269	82.206736	473.43775	0	300.40295	1	1.0890978	0	595.04241
596.99995	1014.9376	1018.0397	124.61783	81.110584	467.13709	0	299.42889	1	1.0915417	0	593.99295
597.49995	1029.6608	1015.541	124.35058	80.836366	465.46818	0	298.4588	1	1.0923958	0	592.73166
597.99995	1018.6528	1013.1478	124.38463	81.375918	468.38267	0	297.49265	1	1.092029	0	591.27053
598.49995	996.4992	1010.7357	124.68441	80.291187	462.15165	0	296.53044	1	1.0908107	0	589.52084
598.99995	1012.5984	1007.8697	124.70726	80.827512	465.04839	0	295.57214	1	1.0891102	0	587.59025
599.49995	996.7744	1004.3523	124.33022	80.554936	463.39187	0	294.61773	1	1.087297	0	585.40437
599.99995	973.9328	1001.3911	124.59646	79.481487	457.22957	0	293.6672	1	1.0857403	0	583.12741
600.49995	985.0784	998.53732	124.73296	80.013013	460.09991	0	292.72052	1	1.0848095	0	581.08384
600.99995	996.912	996.10858	124.9941	78.94701	453.98292	0	291.77768	1	1.0848741	0	579.33681
601.49995	982.464	993.96427	125.23756	79.475364	456.83581	0	290.83865	1	1.0862714	0	577.88806
601.99995	986.7296	991.86183	125.23261	78.416748	450.76374	0	289.90342	1	1.088965	0	576.72579
602.49995	1006.6816	990.22796	125.47339	78.941951	453.59931	0	288.97198	1	1.0926762	0	575.7826
602.99995	996.224	988.77364	125.73968	77.890662	447.57177	0	288.04429	1	1.0971224	0	574.98966
603.49995	1014.3872	987.60407	125.9226	77.629174	445.98589	0	287.12035	1	1.1020208	0	574.56113
603.99995	1011.4976	987.19634	126.40261	77.368716	444.40672	0	286.20013	1	1.1070886	0	574.5936
604.49995	986.8672	986.43495	126.51287	77.887682	447.20798	0	285.28362	1	1.1120431	0	574.63846
604.99995	986.7296	985.80654	127.05056	76.850872	441.26834	0	284.3708	1	1.1166015	0	574.38518
605.49995	997.4624	984.86857	127.29784	76.593477	439.70907	0	283.46165	1	1.1204812	0	574.10908
605.99995	973.6576	983.80449	127.50609	77.107821	442.48491	0	282.55615	1	1.1233994	0	573.74225
606.49995	973.7952	982.16543	127.73868	76.849908	440.9238	0	281.65429	1	1.1251252	0	572.77246
606.99995	957.696	980.12547	128.09994	75.827347	435.07053	0	280.75605	1	1.125764	0	571.26948
607.49995	948.8896	977.69576	128.31866	76.337116	437.82122	0	279.86141	1	1.1255549	0	569.5157
607.99995	981.5008	975.0194	128.75396	76.082227	436.2797	0	278.97035	1	1.1247375	0	567.29509
608.49995	995.1232	971.74431	128.95118	75.070202	430.49025	0	278.08286	1	1.1235516	0	564.71027
608.99995	962.2368	968.5315	129.02257	74.819797	428.97628	0	277.19891	1	1.1222365	0	562.31001
609.49995	964.4384	965.67253	129.27608	75.323538	431.69383	0	276.3185	1	1.121032	0	560.07794
609.99995	958.6592	962.78483	129.58959	74.321925	425.96736	0	275.44161	1	1.1201777	0	557.75364
610.49995	948.3392	960.60015	130.42001	74.074449	424.47234	0	274.56821	1	1.119913	0	555.61194
610.99995	962.9248	958.43554	130.73375	73.827942	422.98358	0	273.69829	1	1.1204777	0	554.00351
611.49995	961.9616	957.29102	131.38775	73.582397	421.50104	0	272.83183	1	1.1221083	0	553.07143
611.99995	964.7136	956.92295	132.08382	73.337812	420.02469	0	271.96883	1	1.1248577	0	552.8703
612.49995	953.8432	956.92109	132.70645	73.832664	422.69336	0	271.10925	1	1.1284922	0	553.10538
612.99995	966.3648	956.55344	133.1277	73.58757	421.21513	0	270.25309	1	1.132753	0	553.17264
613.49995	942.4224	956.08381	133.88791	73.343431	419.74305	0	269.40033	1	1.1373812	0	552.79557
613.99995	939.808	955.53222	134.74368	72.368979	414.18061	0	268.55095	1	1.1421182	0	552.23758
614.49995	979.9872	954.8261	135.37374	72.858005	416.81726	0	267.70494	1	1.1467051	0	551.74742
614.99995	985.6288	954.3713	136.22876	71.890209	411.29495	0	266.86228	1	1.1508832	0	551.28027
615.49995	952.4672	953.52039	136.86245	72.37635	413.91575	0	266.02295	1	1.1543937	0	550.635
615.99995	945.4496	952.07284	137.50409	72.136927	412.47403	0	265.18694	1	1.1569779	0	549.38181
616.49995	956.32	950.09423	138.23687	71.179016	407.01128	0	264.35423	1	1.1583769	0	547.50312
616.99995	936.5056	947.95976	139.02029	70.943793	405.59522	0	263.52481	1	1.1583321	0	545.41466
617.49995	931.2768	945.33539	139.63372	71.424225	408.18465	0	262.69866	1	1.1566957	0	543.00301
617.99995	955.0816	942.50944	140.67213	70.476083	402.78069	0	261.87576	1	1.1536653	0	539.96155
618.49995	931.0016	939.13623	141.54362	70.243588	401.38216	0	261.05611	1	1.149506	0	536.53651
618.99995	906.5088	935.90022	142.60813	70.011994	399.98941	0	260.23968	1	1.1444827	0	533.05242
619.49995	927.2864	932.7589	143.73834	69.781299	398.60242	0	259.42646	1	1.1388605	0	529.5941
619.99995	918.7552	929.83491	144.98281	69.551496	397.22116	0	258.61643	1	1.1329043	0	526.23567
620.49995	921.3696	927.16862	146.34597	69.322584	395.8456	0	257.80958	1	1.126879	0	523.01307
620.99995	929.2128	924.56166	147.85319	69.793209	398.38113	0	257.0059	1	1.1210497	0	519.70257
621.49995	940.3584	921.36838	148.98206	68.867411	393.11148	0	256.20537	1	1.1156813	0	516.18095
621.99995	970.3552	918.82359	150.56226	68.641144	391.75286	0	255.40797	1	1.1110387	0	512.85336
622.49995	919.3056	916.76018	152.00203	68.415751	390.39983	0	254.61369	1	1.1073871	0	510.14446
622.99995	904.9952	915.41398	153.46703	68.191228	389.05237	0	253.82251	1	1.1049912	0	508.12444
623.49995	892.336	914.68222	155.11818	68.654989	391.55019	0	253.03443	1	1.1040269	0	506.52961
623.99995	905.9584	913.96342	156.6046	67.744777	386.37404	0	252.24942	1	1.1043618	0	505.10941
624.49995	955.9072	913.4467	158.14398	68.205825	388.85696	0	251.46747	1	1.1057974	0	503.83526
624.99995	957.2832	913.09069	159.59216	67.301762	383.71766	0	250.68857	1	1.1081349	0	502.80996
625.49995	904.032	913.44499	161.18453	67.081533	382.39763	0	249.9127	1	1.1111758	0	502.34776
625.99995	884.4928	914.46999	162.916	67.538544	384.85837	0	249.13985	1	1.1147214	0	502.41415
626.49995	883.2544	915.29119	164.40353	67.317826	383.53641	0	248.37	1	1.1185732	0	502.51766
626.99995	912.0128	916.13009	166.14823	67.097957	382.21986	0	247.60314	1	1.1225324	0	502.37871
627.49995	909.2608	916.7273	167.89228	66.878932	380.90868	0	246.83926	1	1.1264005	0	501.99576
627.99995	879.5392	916.85966	169.42106	66.660748	379.60287	0	246.07835	1	1.1299789	0	501.36025
628.49995	895.776	916.76668	171.0725	66.443401	378.30238	0	245.32038	1	1.1330688	0	500.37381
628.99995	926.736	916.38955	172.86165	66.226888	377.00719	0	244.56534	1	1.1354717	0	498.96256
629.49995	906.9216	915.58758	174.49214	65.349903	372.02992	0	243.81323	1	1.1369893	0	497.28221
629.99995	897.7024	914.758	176.23769	65.796348	374.43264	0	243.06402	1	1.137499	0	495.45629
630.49995	928.9376	913.99598	178.19009	64.925251	369.49055	0	242.31771	1	1.1370613	0	493.48818
630.99995	950.128	913.2991	180.15493	64.714144	368.22861	0	241.57428	1	1.1357637	0	491.56989
631.49995	962.2368	912.73876	182.22092	65.156698	370.60997	0	240.83371	1	1.1336936	0	489.68412
631.99995	949.8528	911.74874	183.97107	64.294348	365.72009	0	240.096	1	1.1309386	0	487.68167
632.49995	930.0384	910.5713	185.61466	64.734331	368.08733	0	239.36113	1	1.1275859	0	485.59551
632.99995	903.0688	909.40861	187.4717	64.524356	366.83369	0	238.62909	1	1.1237231	0	483.30782
633.49995	885.3184	907.74429	189.1222	64.315183	365.58513	0	237.89986	1	1.1194375	0	480.72223
633.99995	873.6224	905.65293	190.55494	64.106808	364.34162	0	237.17343	1	1.1148167	0	477.92456
634.49995	886.832	903.43973	191.99304	63.899227	363.10315	0	236.44979	1	1.1099481	0	474.9969
634.99995	894.6752	901.40759	193.71566	63.692437	361.86969	0	235.72892	1	1.1049191	0	471.96301
635.49995	901.4176	899.16569	195.33193	63.486435	360.64122	0	235.01082	1	1.0998172	0	468.82294
635.99995	916.9664	896.82182	196.95536	63.281217	359.41771	0	234.29547	1	1.0947297	0	465.57099
636.49995	899.7664	894.2733	198.52346	63.076779	358.19914	0	233.58285	1	1.0897436	0	462.16698
636.99995	877.888	891.46112	200.01801	62.873119	356.98549	0	232.87296	1	1.0849205	0	458.57015
637.49995	876.9248	888.53464	201.3805	62.041975	352.28157	0	232.16578	1	1.0802888	0	454.98836
637.99995	881.7408	886.11335	202.79982	61.84186	351.0893	0	231.4613	1	1.0758748	0	451.85222
638.49995	885.5936	884.10273	203.98844	61.642504	349.90183	0	230.75951	1	1.0717048	0	449.35478
638.99995	872.6592	882.80445	205.51896	62.066184	352.17959	0	230.06039	1	1.0678049	0	447.22509
639.49995	871.5584	881.0759	206.69365	61.86636	350.99017	0	229.36394	1	1.0642015	0	445.0183
639.99995	866.7424	879.28811	208.0993	61.667293	349.80554	0	228.67013	1	1.0609207	0	442.51868
640.49995	899.904	876.74138	209.02326	61.46898	348.62567	0	227.97897	1	1.0579889	0	439.73916
640.99995	906.5088	874.57098	210.35312	60.65701	344.03572	0	227.29043	1	1.0554322	0	436.92744
641.49995	872.2464	872.42979	211.31695	60.462145	342.87659	0	226.6045	1	1.053277	0	434.50834
641.99995	861.376	870.67259	212.11212	60.268016	341.72211	0	225.92117	1	1.0515493	0	432.63929
642.49995	869.9072	869.45088	213.1391	60.683205	343.95329	0	225.24044	1	1.0502756	0	431.07135
642.99995	891.7856	868.10209	213.96022	59.881959	339.42701	0	224.56228	1	1.0494821	0	429.57959
643.49995	881.7408	866.90677	214.84921	60.294757	341.64508	0	223.88669	1	1.0491949	0	428.17088
643.99995	857.1104	865.6044	215.50073	59.498811	337.15023	0	223.21366	1	1.0494351	0	426.89002
644.49995	860.1376	864.62938	216.39894	59.909236	339.35528	0	222.54316	1	1.0501606	0	425.68727
644.99995	867.1552	862.95948	216.77781	59.717565	338.21723	0	221.8752	1	1.0512868	0	424.30647
645.49995	843.0752	861.25885	217.30082	58.929492	333.76905	0	221.20976	1	1.0527282	0	422.74827
645.99995	836.1952	859.37049	217.4786	58.741147	332.65098	0	220.54683	1	1.0543997	0	421.34506
646.49995	850.2304	858.29792	218.20152	58.553511	331.53735	0	219.8864	1	1.0562157	0	420.21
646.99995	857.936	857.18537	218.74208	58.366581	330.42817	0	219.22845	1	1.0580909	0	419.21484
647.49995	848.7168	855.70731	218.87351	58.180354	329.32339	0	218.57297	1	1.05994	0	418.26083
647.99995	830.9664	854.49309	219.24166	57.994826	328.22302	0	217.91996	1	1.0616776	0	417.33146
648.49995	822.2976	853.06147	219.34519	57.809996	327.12701	0	217.26941	1	1.0632183	0	416.44687
648.99994	854.9088	851.91272	219.63994	57.625859	326.03536	0	216.62129	1	1.0644769	0	415.65149
649.49994	874.5856	850.44971	219.53593	57.442413	324.94804	0	215.9756	1	1.0653679	0	414.93817
649.99994	886.2816	848.86132	219.41753	57.840058	327.08302	0	215.33234	1	1.0658059	0	414.11145
650.49994	879.8144	847.12915	219.41351	57.077582	322.78632	0	214.69148	1	1.0657057	0	413.02416
650.99994	874.448	845.07418	219.37239	57.472953	324.90884	0	214.05302	1	1.0649818	0	411.64877
651.49994	889.1712	842.50808	219.29263	57.290431	323.82819	0	213.41694	1	1.0635489	0	409.7985
651.99994	835.5072	839.84511	219.50788	56.535443	319.57574	0	212.78324	1	1.061343	0	407.55399
652.49994	809.9136	836.86401	219.41849	56.356081	318.514	0	212.15191	1	1.0584241	0	405.29361
652.99994	832.48	834.22574	219.71184	56.746949	320.61183	0	211.52293	1	1.0548964	0	402.99097
653.49994	823.9488	830.84481	219.49993	55.999364	316.40308	0	210.8963	1	1.0508642	0	400.44859
653.99994	796.016	827.3862	219.24353	55.822004	315.35387	0	210.272	1	1.0464318	0	397.87067
654.49994	828.6272	824.01356	218.88971	55.645306	314.3088	0	209.65002	1	1.0417036	0	395.47384
654.99994	829.1776	820.89186	218.74451	56.03173	316.38228	0	209.03035	1	1.0367838	0	393.117
655.49994	805.0976	817.50354	218.45045	55.293884	312.23098	0	208.41299	1	1.0317768	0	390.6401
655.99994	794.0896	813.902	218.0406	55.678108	314.29241	0	207.79792	1	1.0267869	0	388.06349
656.49994	779.3664	810.35323	217.67724	54.945076	310.16949	0	207.18513	1	1.0219183	0	385.49087
656.99994	776.6144	806.96599	217.20598	54.771645	309.14482	0	206.57461	1	1.0172755	0	383.1854
657.49994	801.2448	803.95646	216.83033	55.152595	311.18831	0	205.96636	1	1.0129627	0	381.15977
657.99994	779.0912	800.76008	216.32775	54.978725	310.16173	0	205.36035	1	1.0090842	0	379.07197
658.49994	775.2384	797.56142	216.05145	54.805501	309.13917	0	204.75659	1	1.0057444	0	376.75338
658.99994	787.6224	793.92813	215.30824	54.084344	305.08619	0	204.15505	1	1.0030476	0	374.46484
659.49994	801.52	790.78302	214.6519	53.914111	304.08146	0	203.55574	1	1.001098	0	372.57538
659.99994	797.1168	788.05818	214.05904	54.289677	306.09546	0	202.95864	1	1.0000001	0	371.04049
660.49994	796.4288	785.54742	213.5632	53.575537	302.08378	0	202.36375	1	1	0	369.62047
660.99994	786.5216	782.59565	212.58318	53.948973	304.08612	0	201.77104	1	1	0	368.24143
661.49994	800.6944	779.89127	211.83864	53.239467	300.10169	0	201.18052	1	1	0	366.87212
661.99994	770.0096	777.29114	211.24233	53.610788	302.09245	0	200.59217	1	1	0	365.45664
662.49994	763.5424	774.28274	210.32977	52.905881	298.13505	0	200.00598	1	1	0	363.94699
662.99994	771.5232	771.90502	210.00844	52.740012	297.15748	0	199.42194	1	1	0	362.47464
663.49994	766.8448	769.58918	209.58093	52.574757	296.18372	0	198.84005	1	1	0	361.1682
663.99994	762.8544	767.30463	208.9932	52.410111	295.21375	0	198.2603	1	1	0	360.05114
664.49994	722.6752	765.03652	208.24264	52.246074	294.24756	0	197.68266	1	1	0	359.11122
664.99994	723.6384	763.09695	207.79783	52.611131	296.20402	0	197.10715	1	1	0	358.19197
665.49994	729.1424	760.8128	207.14373	51.919812	292.32643	0	196.53374	1	1	0	357.13533
665.99994	746.3424	758.12366	206.25049	52.282808	294.27162	0	195.96242	1	1	0	355.91075
666.49994	736.16	755.25068	205.32644	51.59595	290.4202	0	195.3932	1	1	0	354.53104
666.99994	730.5184	752.31301	204.30801	51.434913	289.47263	0	194.82605	1	1	0	353.17895
667.49994	764.5056	749.67254	203.37457	51.274469	288.52873	0	194.26097	1	1	0	352.037
667.99994	765.056	747.23922	202.43962	51.114614	287.58849	0	193.69795	1	1	0	351.10164
668.49994	751.296	744.82179	201.51088	51.472517	289.5058	0	193.13699	1	1	0	350.17391
668.99994	742.4896	742.41903	200.67735	50.796666	285.71891	0	192.57806	1	1	0	349.16361
669.49994	753.2224	740.10412	199.77139	50.638566	284.78955	0	192.02117	1	1	0	348.31156
669.99994	739.1872	737.94697	198.82554	50.993453	286.69036	0	191.46631	1	1	0	347.65512
670.49994	743.4528	735.75227	197.94192	50.834935	285.75912	0	190.91346	1	1	0	346.89689
670.99994	724.8768	733.28599	197.06176	50.676998	284.83147	0	190.36261	1	1	0	345.86162
671.49994	699.2832	730.44617	196.02926	50.519639	283.9074	0	189.81376	1	1	0	344.60315
671.99994	707.1264	727.82251	195.20786	49.856724	280.19627	0	189.26691	1	1	0	343.34775
672.49994	738.4992	725.10483	194.17951	50.206648	282.06993	0	188.72203	1	1	0	342.20329
672.99994	738.6368	722.37309	193.21129	50.05101	281.1565	0	188.17912	1	1	0	340.98267
673.49994	706.8512	719.76575	192.45875	49.394454	277.48258	0	187.63818	1	1	0	339.66881
673.99994	706.1632	717.3198	191.82159	49.741439	279.34016	0	187.0992	1	1	0	338.39901
674.49994	721.9872	714.60604	190.88061	49.089083	275.6908	0	186.56216	1	1	0	337.16328
674.99994	726.1152	711.88608	189.98691	49.434125	277.53775	0	186.02705	1	1	0	335.87211
675.49994	703.4112	709.33345	189.3703	48.785937	273.91275	0	185.49388	1	1	0	334.46928
675.99994	713.8688	706.5455	188.48796	48.635192	273.02884	0	184.96263	1	1	0	333.09492
676.49994	702.9984	704.05562	187.73087	48.484997	272.14832	0	184.43328	1	1	0	331.89146
676.99994	694.88	701.96709	187.19196	48.335349	271.27117	0	183.90585	1	1	0	330.86928
677.49994	723.3632	699.73333	186.3077	48.186245	270.39738	0	183.38031	1	1	0	330.04533
677.99994	713.1808	697.67055	185.36572	48.037684	269.52694	0	182.85666	1	1	0	329.44818
678.49994	679.056	695.90302	184.61083	48.376022	271.33724	0	182.33488	1	1	0	328.95731
678.99994	705.0624	693.884	183.7293	48.227055	270.46495	0	181.81498	1	1	0	328.33971
679.49994	693.3664	691.6488	182.81106	48.07863	269.59599	0	181.29695	1	1	0	327.5408
679.99994	679.744	689.28417	181.86369	47.930743	268.73035	0	180.78076	1	1	0	326.63972
680.49994	693.6416	686.96702	181.02919	47.783393	267.86801	0	180.26643	1	1	0	325.6714
680.99994	708.9152	684.60689	180.24162	47.636577	267.00895	0	179.75394	1	1	0	324.61134
681.49994	699.696	682.40754	179.75472	47.490293	266.15317	0	179.24327	1	1	0	323.40955
681.99994	675.616	679.71888	178.9229	47.344539	265.30064	0	178.73443	1	1	0	322.06155
682.49994	665.984	676.9576	178.01004	46.724673	261.84091	0	178.22741	1	1	0	320.72015
682.99994	655.8016	674.49225	177.25419	47.054611	263.6053	0	177.72219	1	1	0	319.51587
683.49994	676.4416	672.13138	176.4905	46.438672	260.16844	0	177.21878	1	1	0	318.42211
683.99994	656.6272	670.04582	175.9233	46.766777	261.92282	0	176.71715	1	1	0	317.40537
684.49994	652.7744	667.61173	174.92892	46.154735	258.50865	0	176.21732	1	1	0	316.46549
684.99994	670.8	665.58243	174.29711	46.481017	260.25307	0	175.71926	1	1	0	315.56606
685.49994	646.8576	663.54622	173.78677	46.338911	259.42294	0	175.22296	1	1	0	314.53648
685.99994	630.4832	661.20542	173.11694	45.732661	256.04249	0	174.72843	1	1	0	313.36004
686.49994	640.1152	658.63526	172.25819	46.056232	257.7721	0	174.23566	1	1	0	312.14141
686.99994	640.3904	656.38132	171.70022	45.453809	254.4139	0	173.74463	1	1	0	310.93647
687.49994	652.7744	654.17839	171.02307	45.315135	253.60422	0	173.25534	1	1	0	309.89997
687.99994	674.928	651.9004	170.11299	45.636022	255.31918	0	172.76779	1	1	0	309.01963
688.49994	663.92	649.84197	169.43938	45.039284	251.99403	0	172.28196	1	1	0	308.12063
688.99994	657.4528	647.74797	168.84294	45.358394	253.69929	0	171.79784	1	1	0	307.10719
689.49994	651.2608	645.43909	168.15033	44.765412	250.39597	0	171.31544	1	1	0	305.97332
689.99994	632.4096	643.40572	167.63446	44.629213	249.60146	0	170.83474	1	1	0	304.93653
690.49994	633.648	641.74207	167.16622	44.493504	248.80993	0	170.35573	1	1	0	304.22012
690.99994	639.152	639.94959	166.34296	44.809097	250.49598	0	169.87841	1	1	0	303.72822
691.49994	651.3984	638.47586	165.91262	44.673002	249.70268	0	169.40278	1	1	0	303.16046
691.99994	641.216	636.51501	165.25743	44.537394	248.91235	0	168.92882	1	1	0	302.32877
692.49994	677.9552	634.29256	164.58606	44.402272	248.125	0	168.45652	1	1	0	301.24998
692.99994	662.2688	631.96215	163.83659	43.822218	244.89675	0	167.98589	1	1	0	300.13968
693.49994	621.8144	630.05129	163.38792	44.133477	246.55914	0	167.5169	1	1	0	299.14647
693.99994	611.2192	627.7102	162.52257	43.9998	245.78061	0	167.04957	1	1	0	298.13807
694.49994	601.8624	625.39386	161.72354	43.425185	242.58392	0	166.58387	1	1	0	297.08645
694.99994	616.0352	623.27138	161.07023	43.733878	244.2323	0	166.1198	1	1	0	296.08134
695.49994	616.448	621.24283	160.46261	43.162856	241.05644	0	165.65736	1	1	0	295.12285
695.99994	647.408	619.00468	159.59076	43.46985	242.69555	0	165.19654	1	1	0	294.21737
696.49994	625.9424	616.85042	158.6986	42.902395	239.54036	0	164.73733	1	1	0	293.4145
696.99994	634.336	615.13991	158.12544	43.207702	241.17027	0	164.27973	1	1	0	292.73474
697.49994	642.0416	613.41227	157.5613	43.077328	240.4119	0	163.82372	1	1	0	292.02726
697.99994	645.0688	611.34888	156.84854	42.947418	239.65635	0	163.3693	1	1	0	291.13104
698.49994	628.832	609.2485	156.28066	42.81797	238.90363	0	162.91647	1	1	0	290.05138
698.99994	628.9696	607.32019	155.88568	42.259318	235.79943	0	162.46521	1	1	0	288.9693
699.49994	625.8048	605.3278	155.32818	42.560454	237.40658	0	162.01553	1	1	0	287.98409
699.99994	618.512	603.20249	154.7185	42.432382	236.66224	0	161.56741	1	1	0	286.91658
700.49994	606.9536	601.04393	154.17684	41.878934	233.58816	0	161.12085	1	1	0	285.74624
700.99994	600.0736	599.00788	153.59352	41.753039	232.85655	0	160.67584	1	1	0	284.73851
701.49994	601.5872	597.16545	152.90561	41.627591	232.12765	0	160.23238	1	1	0	284.02747
701.99994	577.3696	595.5269	152.31261	41.924621	233.71242	0	159.79045	1	1	0	283.42384
702.49994	603.6512	593.9045	151.90052	41.798804	232.9818	0	159.35006	1	1	0	282.65392
702.99994	593.1936	591.95453	151.28755	41.253906	229.95717	0	158.91119	1	1	0	281.75579
703.49994	590.0288	590.16187	150.78425	41.548505	231.52867	0	158.47385	1	1	0	280.90378
703.99994	564.9856	588.56266	150.38252	41.006983	228.52355	0	158.03801	1	1	0	280.14214
704.49994	600.3488	586.89441	149.86089	41.299973	230.08628	0	157.60368	1	1	0	279.42984
704.99993	606.2656	584.94738	149.13697	41.176366	229.36909	0	157.17086	1	1	0	278.63956
705.49993	586.7264	583.32877	148.75908	40.639863	226.39297	0	156.73952	1	1	0	277.83016
705.99993	581.9104	581.42606	147.97391	40.930459	227.94265	0	156.30968	1	1	0	277.14246
706.49993	578.608	579.71943	147.32254	40.808156	227.23338	0	155.88132	1	1	0	276.51558
706.99993	587.9648	578.39347	146.9074	40.276617	224.28592	0	155.45443	1	1	0	276.03164
707.49993	562.096	577.46411	146.46456	40.564842	225.82268	0	155.02901	1	1	0	275.97053
707.99993	577.92	577.10443	145.81889	40.036582	222.89415	0	154.60506	1	1	0	276.68048
708.49993	586.4512	578.09985	145.42763	39.917198	222.20211	39.989675	154.18256	1	1	0.11653615	278.48966
708.99993	583.5616	579.7705	144.91456	39.798235	221.51261	44.458651	153.76151	1	1	0.27700884	281.09443
709.49993	549.4368	581.20429	144.4942	40.083333	223.03233	47.866661	153.34191	1	1	0.41609094	283.36818
709.99993	566.912	581.19848	144.00638	39.561561	220.14122	49.630855	152.92375	1	1	0.46846488	284.26835
710.49993	590.992	580.20888	143.72138	39.443848	219.45931	51.41281	152.50703	1	1	0.37097498	283.98048
710.99993	583.0112	579.94307	143.43876	39.326547	218.7799	52.898788	152.09173	1	1	0.15542321	284.41259
711.49993	607.6416	583.76645	143.01925	39.209659	218.10298	54.170173	151.67785	1	1	-0.016321379	289.06935
711.99993	607.7792	596.23245	142.71798	39.093181	217.42855	55.278053	151.26539	1	1	0.027012653	302.24908
712.49993	614.9344	620.72948	142.4802	38.977111	216.75659	56.256752	150.85433	1	1	0.45669674	327.39495
712.99993	640.8032	657.30582	141.97157	39.256832	218.24701	57.681195	150.44469	1	1	1.4098049	364.88956
713.49993	697.632	702.35832	141.47077	39.14041	217.57338	58.475512	150.03644	1	1	2.7354177	410.85112
713.99993	735.1968	748.68276	140.90153	38.631335	214.75544	58.630267	149.62958	1	1	4.1383238	458.15165
714.49993	781.4304	787.77379	140.41493	38.908787	216.23351	59.851836	149.22411	1	1	5.3222334	498.13475
714.99993	819.6832	811.80565	140.10951	38.793583	215.56724	60.452865	148.82002	1	1	5.9910884	522.87612
715.49993	845.0016	816.89411	140.04186	38.289176	212.77618	60.422678	148.41731	1	1	5.9731373	528.43494
715.99993	802.6208	803.7776	139.89255	38.56438	214.242	61.515078	148.01597	1	1	5.4255506	515.86908
716.49993	774.1376	776.73016	139.4176	38.063058	211.46869	61.39425	147.61599	1	1	4.5592813	489.69658
716.99993	743.1776	742.21574	138.96261	38.336775	212.92642	62.423575	147.21737	1	1	3.5852822	456.03576
717.49993	693.504	706.18148	138.56047	37.838515	210.17071	62.229207	146.8201	1	1	2.7091271	420.8009
717.99993	672.4512	672.97744	138.03305	37.72683	209.52527	62.603434	146.42418	1	1	2.023544	388.52021
718.49993	647.5456	645.17419	137.4576	37.615534	208.88218	62.952211	146.0296	1	1	1.5141455	361.68698
718.99993	622.3648	623.51529	136.95926	37.886307	210.32388	63.888424	145.63636	1	1	1.1623121	340.91967
719.49993	612.0448	607.78223	136.63223	37.394104	207.603	63.581661	145.24445	1	1	0.94942424	325.90554
719.99993	596.496	597.21297	136.33605	37.283966	206.9669	63.865846	144.85387	1	1	0.85404415	316.02305
720.49993	583.5616	590.77462	136.16587	37.174211	206.33311	64.131682	144.46461	1	1	0.83949074	310.14415
720.99993	584.8	586.46119	135.81013	37.442075	207.75898	65.002153	144.07666	1	1	0.86395284	306.5744
721.49993	600.7616	582.63018	135.20182	36.955844	205.07242	64.613377	143.69002	1	1	0.88561546	303.73835
721.99993	584.3872	578.88321	134.79502	36.847229	204.4455	64.831452	143.30469	1	1	0.86295847	300.7835
722.49993	561.5456	574.87825	134.56165	37.112935	205.85962	65.663863	142.92065	1	1	0.78144813	297.39595
722.99993	565.6736	570.35545	134.05156	37.003982	205.23108	65.856947	142.53791	1	1	0.67483563	293.76598
723.49993	550.9504	566.91086	133.88801	36.523638	202.57833	65.405736	142.15646	1	1	0.5818842	290.86639
723.99993	580.3968	565.67124	133.85258	36.416521	201.96044	65.573132	141.77629	1	1	0.54135708	290.04237
724.49993	572.9664	567.12415	133.63181	36.309775	201.34478	65.729651	141.3974	1	1	0.58858278	292.09494
724.99993	577.92	571.01195	133.12572	36.57193	202.73958	66.51258	141.01978	1	1	0.71798751	296.86645
725.49993	571.4528	576.89304	132.67612	36.09739	200.12013	66.01241	140.64343	1	1	0.89713912	303.57349
725.99993	587.552	583.64563	132.2503	36.358139	201.50729	66.779084	140.26834	1	1	1.0931362	311.12699
726.49993	569.9392	589.95457	131.83041	36.251797	200.89447	66.898852	139.89451	1	1	1.2730778	318.22965
726.99993	598.6976	594.65432	131.15148	35.781556	198.29967	66.368503	139.52193	1	1	1.4103882	323.9809
727.49993	611.3568	597.87284	130.68569	35.677004	197.69722	66.470839	139.1506	1	1	1.5009313	328.03655
727.99993	599.5232	599.11015	130.28823	35.934969	199.06923	67.209416	138.78052	1	1	1.5455447	330.04141
728.49993	594.5696	598.2521	130.07331	35.46898	196.49881	66.653272	138.41166	1	1	1.5450663	329.76713
728.99993	584.6624	595.26606	129.67057	35.365506	195.90284	66.734049	138.04405	1	1	1.5004947	327.55145
729.49993	605.1648	590.75931	129.13818	35.262388	195.309	66.808282	137.67766	1	1	1.4184014	323.94347
729.99993	582.048	584.84083	128.25714	35.517603	196.66607	67.523311	137.31249	1	1	1.3122247	319.2712
730.49993	562.784	578.39183	127.73136	35.414158	196.07066	67.58597	136.94854	1	1	1.1958265	313.71194
730.99993	587.0016	571.65139	127.45513	35.311069	195.47739	67.642838	136.5858	1	1	1.0830683	307.61046
731.49993	572.1408	564.87606	127.08396	34.853452	192.95492	67.045264	136.22427	1	1	0.98623629	301.56783
731.99993	544.208	558.67854	126.69527	34.752094	192.37166	67.090753	135.86394	1	1	0.90597631	296.11933
732.49993	553.84	553.21552	126.39682	35.00392	193.7103	67.781048	135.50481	1	1	0.83771909	291.31388
732.99993	548.8864	548.31959	126.14782	34.550422	191.21141	67.166756	135.14688	1	1	0.77687079	287.02489
733.49993	547.0976	544.09987	125.92742	34.450105	190.63439	67.197659	134.79013	1	1	0.71885477	283.38233
733.99993	541.8688	540.50248	125.57111	34.699921	191.96211	67.87504	134.43456	1	1	0.66386106	280.49681
734.49993	546.4096	537.87356	125.27701	34.2505	189.48654	67.246164	134.08018	1	1	0.62332567	278.51637
734.99993	523.568	536.49423	124.87179	34.15121	188.91568	67.264098	133.72697	1	1	0.61030568	277.89547
735.49993	529.76	536.85503	124.46292	34.05226	188.34686	67.278025	133.37493	1	1	0.63785821	279.01717
735.99993	547.0976	539.25726	124.37989	33.953648	187.78008	67.288091	133.02406	1	1	0.71771237	281.85331
736.49993	543.9328	542.66571	124.13284	33.855373	187.21531	67.294435	132.67434	1	1	0.83821975	285.85853
736.99993	551.5008	545.97576	123.71467	34.101228	188.5215	67.94927	132.32578	1	1	0.96775447	289.9353
737.49993	547.7856	548.31981	123.45124	33.65983	186.0918	67.296477	131.97837	1	1	1.074048	292.8902
737.99993	541.8688	548.60737	122.93885	33.562559	185.53304	67.292421	131.63211	1	1	1.1248318	294.03641
738.49993	548.7488	546.88491	122.31625	33.46562	184.97627	67.285133	131.28699	1	1	1.0976644	293.28167
738.99993	547.3728	543.9928	121.90908	33.369011	184.42148	67.274725	130.94301	1	1	1.0171531	291.14071
739.49993	532.512	540.87082	121.6732	33.272731	183.86866	67.261299	130.60016	1	1	0.92196861	288.59746
739.99993	539.8048	538.07856	121.20327	33.514697	185.15373	67.896931	130.25844	1	1	0.85078426	286.61684
740.49993	540.4928	536.91409	121.09873	33.081155	182.7689	67.225791	129.91785	1	1	0.8418382	285.89751
740.99993	537.0528	536.8983	120.62711	32.985855	182.22194	67.203897	129.57837	1	1	0.90461845	286.69282
741.49993	541.8688	537.6822	120.12613	33.225903	183.49659	67.830897	129.24001	1	1	1.0024612	288.31606
741.99993	544.896	537.74337	119.47041	33.130293	182.94812	67.803606	128.90276	1	1	1.0945408	289.3702
742.49993	515.4496	536.56512	119.22614	32.701896	180.59266	67.122695	128.56662	1	1	1.1400317	288.77236
742.99993	528.5216	533.24898	118.85193	32.607886	180.05341	67.090725	128.23157	1	1	1.1025796	286.16548
743.49993	532.2368	528.08571	118.52815	32.845404	181.31433	67.707035	127.89763	1	1	0.99194788	281.65993
743.99993	542.9696	521.72455	118.20589	32.420821	178.98062	67.019882	127.56478	1	1	0.84508762	275.95388
744.49993	519.0272	515.73794	118.14743	32.327763	178.44706	66.981151	127.23302	1	1	0.69930035	270.3575
744.99993	500.3136	510.92923	117.95368	32.563405	179.69779	67.589974	126.90234	1	1	0.59188769	266.07322
745.49993	500.3136	507.84132	117.45158	32.142594	177.38559	66.8974	126.57274	1	1	0.55444564	263.817
745.99993	493.1584	507.30577	117.22695	32.376994	178.62958	67.501454	126.24422	1	1	0.58248868	263.8346
746.49993	500.5888	508.8526	117.04041	31.958676	176.33159	66.805679	125.91677	1	1	0.65746751	265.89542
746.99993	530.8608	511.64625	116.6527	32.191842	177.56889	67.405125	125.59039	1	1	0.76080098	269.40316
747.49993	554.6656	514.85869	116.05486	32.099735	177.04134	67.354176	125.26507	1	1	0.87390793	273.53876
747.99993	512.6976	518.10892	115.4897	31.685124	174.76447	66.654166	124.94081	1	1	0.97900753	277.6784
748.49993	487.3792	521.02211	114.95331	31.916453	175.9918	67.246977	124.61761	1	1	1.0678954	281.45119
748.99993	511.184	523.35304	114.50788	31.504292	173.72889	66.544492	124.29546	1	1	1.1386773	284.5497
749.49993	523.8432	524.69863	114.00349	31.734406	174.94962	67.133048	123.97435	1	1	1.1895704	286.72079
749.99993	532.2368	525.20674	113.85649	31.643842	174.43127	67.073681	123.65429	1	1	1.2187915	287.69596
750.49993	536.7776	524.19327	113.39914	31.235326	172.1891	66.367962	123.33527	1	1	1.2245596	287.45887
750.99993	518.6144	521.984	112.7756	31.46363	173.40002	66.950365	123.01728	1	1	1.2071322	286.19112
751.49993	521.3664	519.07428	112.2862	31.057521	171.17156	66.242787	122.70032	1	1	1.1727392	284.08776
751.99993	525.0816	515.85488	111.93653	30.969067	170.66545	66.178078	122.38439	1	1	1.1286983	281.53397
752.49993	517.7888	512.84846	111.82532	30.88091	170.16112	66.11201	122.06948	1	1	1.0823272	278.95366
752.99993	496.048	509.93054	111.49567	30.79305	169.65856	66.044618	121.75559	1	1	1.0409436	276.67928
753.49993	497.2864	507.6979	111.28838	30.705485	169.15775	65.975941	121.44271	1	1	1.0118571	274.96681
753.99993	499.0752	505.81245	110.8824	30.93022	170.34931	66.546763	121.13085	1	1	0.99936105	273.7992
754.49993	504.4416	504.75052	110.98643	30.842361	169.84706	66.47499	120.81999	1	1	1.0002624	272.9441
754.99993	501.8272	503.49297	110.64863	30.444549	167.66579	65.762549	120.51014	1	1	1.0102257	272.3342
755.49993	513.7984	502.60469	110.42745	30.667524	168.8478	66.327898	120.20128	1	1	1.0249158	271.97595
755.99993	522.88	502.19301	110.55569	30.272047	166.6798	65.614488	119.89342	1	1	1.0399975	271.74391
756.49993	509.3952	501.7361	110.69996	30.493857	167.8555	66.176292	119.58655	1	1	1.0511353	271.44959
756.99993	498.9376	500.67414	110.5386	30.40746	167.36194	66.098874	119.28067	1	1	1.0545634	270.85487
757.49993	490.4064	499.13245	110.2175	30.015453	165.21366	65.384323	118.97577	1	1	1.0506749	269.93918
757.99993	477.472	497.40601	109.89506	30.23553	166.37997	65.940954	118.67185	1	1	1.0417084	268.8391
758.49993	488.48	495.89568	109.86703	29.845818	164.24472	65.225837	118.36891	1	1	1.0299108	267.65974
758.99993	493.8464	494.41471	109.75342	29.761425	163.76277	65.145163	118.06694	1	1	1.017529	266.59435
759.49993	493.296	492.84746	109.43519	29.979784	164.91977	65.696779	117.76593	1	1	1.00681	265.64633
759.99993	489.168	491.44424	109.39555	29.895103	164.43641	65.613548	117.4659	1	1	1.0000006	264.5828
760.49993	484.9024	489.7939	109.21779	29.509932	162.32694	64.897727	117.16682	1	1	1	263.40929
760.99992	462.4736	488.1105	108.88378	29.426659	161.85164	64.813525	116.8687	1	1	1	262.35803
761.49992	484.2144	486.54511	108.45625	29.343664	161.37799	64.728501	116.57153	1	1	1	261.51732
761.99992	494.672	485.48152	108.39625	29.260945	160.90598	64.642678	116.27532	1	1	1	260.80995
762.49992	503.616	484.31739	108.17643	29.178502	160.43561	64.556076	115.98005	1	1	1	260.16092
762.99992	486.416	483.33001	108.09722	29.096333	159.96686	64.468718	115.68572	1	1	1	259.54707
763.49992	487.5168	482.23489	107.84181	29.014437	159.49973	64.380624	115.39233	1	1	1	259.00075
763.99992	475.9584	481.27941	107.64136	28.932813	159.03421	64.291815	115.09988	1	1	1	258.53817
764.49992	484.0768	480.21411	107.36367	29.145558	160.16079	64.827707	114.80836	1	1	1	258.04208
764.99992	463.712	479.11197	107.14076	28.770378	158.108	64.11213	114.51777	1	1	1	257.45343
765.49992	466.1888	478.48327	107.31886	28.689564	157.64729	64.021292	114.2281	1	1	1	256.93631
765.99992	492.0576	477.57416	107.15883	28.900657	158.76492	64.552724	113.93935	1	1	1	256.47597
766.49992	498.9376	476.42484	106.94926	28.819565	158.30283	64.459783	113.65153	1	1	1	255.82405
766.99992	478.5728	474.99842	106.62361	28.448727	156.27465	63.745012	113.36461	1	1	1	255.0102
767.49992	471.5552	473.81163	106.43838	28.36898	155.82025	63.651722	113.07861	1	1	1	254.29464
767.99992	491.232	472.52937	106.05734	28.577894	156.92608	64.177367	112.79351	1	1	1	253.67852
768.49992	487.3792	471.59588	106.0276	28.210275	154.91614	63.463447	112.50932	1	1	1	253.05897
768.99992	493.1584	470.58847	105.81635	28.131316	154.46641	63.368493	112.22602	1	1	1	252.5461
769.49992	476.6464	469.62993	105.58582	28.338613	155.56348	63.889908	111.94363	1	1	1	252.10049
769.99992	470.592	468.57147	105.42499	28.25938	155.1124	63.793041	111.66212	1	1	1	251.48436
770.49992	450.2272	467.39915	105.2923	27.896001	153.12646	63.080552	111.38151	1	1	1	250.72535
770.99992	451.6032	466.18485	105.01348	27.81808	152.68287	62.983594	111.10178	1	1	1	250.06959
771.49992	464.4	464.97994	104.64594	28.023244	153.7684	63.499505	110.82294	1	1	1	249.51106
771.99992	461.5104	464.02226	104.57394	27.663007	151.80025	62.788296	110.54497	1	1	1	248.90334
772.49992	456.4192	462.75734	104.2993	27.867114	152.88005	63.301509	110.26789	1	1	1	248.19015
772.99992	474.032	461.40865	104.03968	27.508955	150.92365	62.591243	109.99167	1	1	1	247.3773
773.49992	476.3712	460.02738	103.72827	27.432309	150.4876	62.492091	109.71633	1	1	1	246.58278
773.99992	472.5184	458.89364	103.54666	27.355915	150.05304	62.392538	109.44185	1	1	1	245.90513
774.49992	462.8864	457.85882	103.33253	27.279773	149.61996	62.292598	109.16824	1	1	1	245.35806
774.99992	461.648	456.97706	103.15379	27.20388	149.18836	62.192281	108.89548	1	1	1	244.9278
775.49992	456.0064	456.12431	102.99485	27.404853	150.25122	62.697601	108.62358	1	1	1	244.50588
775.99992	448.7136	455.36223	103.0148	27.052842	148.32958	61.990564	108.35254	1	1	1	243.99488
776.49992	434.9536	454.27697	102.77977	27.252783	149.38685	62.493316	108.08235	1	1	1	243.41485
776.99992	453.9424	453.24216	102.64042	26.902793	147.47663	61.787477	107.813	1	1	1	242.78874
777.49992	447.2	452.13823	102.48891	27.101709	148.52835	62.287689	107.5445	1	1	1	242.10482
777.99992	452.4288	450.79928	102.1545	26.753727	146.62948	61.583106	107.27683	1	1	1	241.36795
778.49992	456.0064	449.67944	101.95214	26.67956	146.20806	61.480464	107.01001	1	1	1	240.71729
778.99992	438.3936	448.77783	101.7755	26.605635	145.78808	61.377532	106.74402	1	1	1	240.25831
779.49992	467.7024	447.89037	101.57373	26.802517	146.8288	61.872749	106.47886	1	1	1	239.83778
779.99992	474.032	446.7931	101.37427	26.728329	146.40752	61.768303	106.21453	1	1	1	239.20431
780.49992	463.8496	445.53343	101.19343	26.385309	144.53666	61.067087	105.95102	1	1	1	238.38898
780.99992	451.0528	444.55858	101.20749	26.312346	144.12235	60.963087	105.68834	1	1	1	237.66276
781.49992	447.3376	443.55435	100.98406	26.239622	143.70944	60.858843	105.42647	1	1	1	237.14382
781.99992	437.7056	442.58707	100.72861	26.433995	144.73661	61.347961	105.16542	1	1	1	236.69304
782.49992	418.1664	441.53007	100.44653	26.094884	142.88782	60.649656	104.90518	1	1	1	236.17836
782.99992	434.9536	440.39563	100.15798	26.288265	143.90961	61.136377	104.64575	1	1	1	235.5919
783.49992	452.016	439.1958	99.812322	25.951088	142.07174	60.439593	104.38713	1	1	1	234.99635
783.99992	458.3456	438.40428	99.724527	25.879541	141.66577	60.334254	104.12931	1	1	1	234.55044
784.49992	427.936	437.71363	99.579678	26.071444	142.67957	60.817424	103.8723	1	1	1	234.26166
784.99992	437.1552	437.03197	99.474791	25.99964	142.27233	60.710717	103.61608	1	1	1	233.9411
785.49992	425.184	436.29846	99.439369	25.92807	141.86645	60.603828	103.36065	1	1	1	233.49844
785.99992	438.944	435.57243	99.50827	25.856732	141.46195	60.496765	103.10602	1	1	1	232.95814
786.49992	427.1104	434.54445	99.371448	25.785626	141.05881	60.389535	102.85217	1	1	1	232.32083
786.99992	414.7264	433.45532	99.270371	25.714751	140.65702	60.282145	102.59911	1	1	1	231.58583
787.49992	437.4304	432.51887	99.300227	25.385185	138.86206	59.59184	102.34684	1	1	1	230.87181
787.99992	455.3184	431.49961	99.143793	25.57369	139.85751	60.066912	102.09534	1	1	1	230.26048
788.49992	469.4912	430.51066	99.024072	25.503502	139.45976	59.959083	101.84462	1	1	1	229.64196
788.99992	449.4016	429.43136	98.813181	25.176738	137.68059	59.271354	101.59468	1	1	1	229.02351
789.49992	428.4864	428.40524	98.588754	25.363808	138.66828	59.743032	101.3455	1	1	1	228.47099
789.99992	440.8704	427.44329	98.467684	25.2943	138.27453	59.634823	101.09709	1	1	1	227.87851
790.49992	427.3856	426.33758	98.232812	24.97031	136.51098	58.949741	100.84945	1	1	1	227.25531
790.99992	427.7984	425.44609	98.172451	25.155958	137.491	59.418068	100.60258	1	1	1	226.67106
791.49992	424.3584	424.47403	98.097836	25.087122	137.1012	59.309534	100.35646	1	1	1	226.01974
791.99992	440.0448	423.35498	97.962703	24.765878	135.35311	58.627165	100.1111	1	1	1	225.28118
792.49992	421.056	422.39922	98.020535	24.950116	136.32551	59.092182	99.866489	1	1	1	224.5122
792.99992	388.9952	421.1817	97.846403	24.630687	134.58764	58.411656	99.622633	1	1	1	223.71266
793.49992	389.2704	419.93216	97.584879	24.563419	134.20682	58.303781	99.379526	1	1	1	222.96776
793.99992	394.224	418.95533	97.454296	24.496368	133.82728	58.195832	99.137164	1	1	1	222.36387
794.49992	414.7264	417.84393	97.029677	24.429533	133.44901	58.087815	98.895546	1	1	1	221.91871
794.99992	413.9008	417.35498	97.054154	24.362913	133.072	57.979735	98.654668	1	1	1	221.64615
795.49992	405.0944	416.6723	96.803701	24.54437	134.02938	58.438251	98.414527	1	1	1	221.45407
795.99992	412.9376	416.00806	96.673686	24.477505	133.65115	58.329043	98.175122	1	1	1	221.15925
796.49992	419.2672	414.95722	96.331094	24.410856	133.27418	58.219786	97.936448	1	1	1	220.68968
796.99992	419.9552	414.14819	96.401448	24.344421	132.89847	58.110485	97.698505	1	1	1	220.04824
797.49992	387.4816	412.95023	96.259881	24.278199	132.52401	58.001143	97.461287	1	1	1	219.22906
797.99992	390.096	411.4673	95.92242	23.96767	130.83619	57.330197	97.224794	1	1	1	218.32009
798.49992	409.7728	410.1555	95.655558	23.902535	130.46789	57.221808	96.989023	1	1	1	217.51092
798.99992	397.8016	409.2129	95.564159	23.837609	130.10081	57.113393	96.75397	1	1	1	216.89477
799.49992	413.488	408.33582	95.381628	23.772891	129.73495	57.004957	96.519634	1	1	1	216.43456
799.99992	420.6432	407.2091	94.933986	23.950265	130.6703	57.453993	96.28601	1	1	1	215.9891
800.49992	412.8	405.99615	94.466887	23.644076	129.00687	56.788035	96.053098	1	1	1	215.47617
800.99992	409.2224	404.89284	94.062384	23.579978	128.64464	56.679557	95.820894	1	1	1	215.00956
801.49992	407.8464	404.40761	94.201634	23.756016	129.57278	57.125503	95.589396	1	1	1	214.61658
801.99992	396.976	403.26859	93.668402	23.452397	127.92379	56.46259	95.358601	1	1	1	214.24159
802.49992	394.0864	402.50734	93.486929	23.62755	128.84716	56.906492	95.128507	1	1	1	213.8919
802.99992	401.2416	401.57433	93.182977	23.563625	128.48614	56.796994	94.899111	1	1	1	213.49225
803.49992	412.8	400.6904	93.074822	23.499904	128.12633	56.687504	94.67041	1	1	1	212.94517
803.99992	385.8304	399.57829	92.896482	23.436386	127.7677	56.578028	94.442402	1	1	1	212.2394
804.49992	375.3728	398.39611	92.670943	23.136993	126.14243	55.920272	94.215084	1	1	1	211.51008
804.99992	381.84	397.76421	92.811932	23.074515	125.78969	55.811854	93.988454	1	1	1	210.96382
805.49992	390.5088	397.07795	92.751618	23.247046	126.69891	56.24971	93.76251	1	1	1	210.56382
805.99992	416.6528	396.04711	92.404678	23.184334	126.34499	56.14032	93.537248	1	1	1	210.10519
806.49992	403.856	395.03261	92.110385	22.888273	124.73843	55.486754	93.312667	1	1	1	209.60956
806.99992	409.7728	394.3242	92.038022	23.05951	125.64067	55.921633	93.088763	1	1	1	209.19742
807.49992	402.3424	393.71968	92.063508	22.997395	125.29024	55.812342	92.865536	1	1	1	208.79064
807.99992	403.0304	393.00864	92.077406	22.935478	124.94097	55.70309	92.642981	1	1	1	208.28825
808.49992	394.4992	392.03545	91.943806	22.873757	124.59285	55.593881	92.421096	1	1	1	207.67055
808.99992	379.3632	391.18226	92.038173	22.812233	124.24587	55.484717	92.19988	1	1	1	206.94421
809.49992	384.8672	390.21774	92.047144	22.521088	122.66687	54.837528	91.97933	1	1	1	206.19127
809.99992	400.1408	389.16629	91.94456	22.68977	123.55534	55.266537	91.759442	1	1	1	205.46229
810.49992	388.4448	387.91715	91.638137	22.400242	121.98541	54.621496	91.540216	1	1	1	204.73879
810.99992	378.5376	387.18212	91.743528	22.340106	121.64635	54.513563	91.321648	1	1	1	204.11695
811.49992	378.1248	386.27267	91.479527	22.280161	121.30841	54.405689	91.103736	1	1	1	203.68941
811.99992	378.9504	385.74354	91.518723	22.447164	122.18783	54.830847	90.886478	1	1	1	203.33834
812.49992	376.6112	384.76071	91.222369	22.386992	121.84875	54.722079	90.669871	1	1	1	202.86847
812.99992	359.2736	384.2466	91.484227	22.101462	120.30121	54.082447	90.453914	1	1	1	202.30846
813.49992	378.2624	383.30751	91.330179	22.267219	121.17391	54.504748	90.238603	1	1	1	201.73873
813.99992	386.656	382.57052	91.51053	22.207616	120.83815	54.39619	90.023936	1	1	1	201.03605
814.49992	381.0144	381.40811	91.494734	21.924453	119.30387	53.759829	89.809911	1	1	1	200.10347
814.99992	392.7104	379.91213	91.499519	22.088974	120.16992	54.179299	89.596526	1	1	1	198.81609
815.49992	382.528	377.17694	90.956651	21.807377	118.64441	53.545128	89.383779	1	1	1	196.83651
815.99992	391.8848	374.57465	91.713443	21.749116	118.31629	53.437898	89.171666	1	1	1	193.68954
816.49992	400.9664	368.65377	91.161321	21.691038	117.98924	53.330752	88.960186	1	1	1	188.53226
816.99991	382.3904	358.92289	90.759908	21.853929	118.84651	53.746486	88.749337	1	1	1	179.41364
817.49991	378.9504	338.39031	88.02974	21.575432	117.33835	53.116716	88.539117	1	1	1	161.82146
817.99991	8.0874011e-040	309.57977	90.157797	21.737515	118.19126	53.5306	88.329522	1	1	1	131.09245
