EELSMODEL model file
di 30. okt 09:43:14 2007
FILENAME of HL spectrum:Y:/jo_verbeeck/jv20072610_NA4_round_robin/T3_C3/region2/SI_HL_cal.dm3
NAME of HL spectrum:Y:/jo_verbeeck/jv20072610_NA4_round_robin/T3_C3/region2/SI_HL_cal.dm3 [61]
256
energy	experiment	model	FixedPattern	Ca Hydrogenic L-edge	O Hydrogenic K-edge	Fe Hydrogenic L-edge	Power law background	Ca Fine Structure (DOS) with lifetime (cubic  spline)	O Fine Structure (DOS) with lifetime (cubic  spline)	Fe Fine Structure (DOS) with lifetime (cubic  spline)	Multiple scattering (FFT)
306.50001	4025.6256	3982.4128	6.3051265	0	0	0	3975.9618	0	0	0	0.14583247
307.00001	4007.3248	3957.982	6.8263829	0	0	0	3951.0249	0	0	0	0.13076263
307.50001	4011.8656	3935.1033	8.6927646	0	0	0	3926.2845	0	0	0	0.12605227
308.00001	3968.6592	3909.6276	7.7504291	0	0	0	3901.7389	0	0	0	0.13825032
308.50001	3934.5344	3886.2217	8.678956	0	0	0	3877.3862	0	0	0	0.15660971
309.00001	3905.6384	3861.7259	8.3369939	0	0	0	3853.2245	0	0	0	0.16438066
309.50001	3825.8304	3838.4488	9.042718	0	0	0	3829.2521	0	0	0	0.15402045
310.00001	3797.76	3814.7806	9.1775985	0	0	0	3805.4671	0	0	0	0.13581934
310.50001	3729.0976	3791.7463	9.7565344	0	0	0	3781.8679	0	0	0	0.12188004
311.00001	3679.5616	3768.3445	9.7753108	0	0	0	3758.4527	0	0	0	0.11655516
311.50001	3689.8816	3744.7684	9.4322564	0	0	0	3735.2197	0	0	0	0.11642786
312.00001	3739.28	3721.3672	9.0792391	0	0	0	3712.1672	0	0	0	0.12079366
312.50001	3722.08	3698.1848	8.7565801	0	0	0	3689.2936	0	0	0	0.13467857
313.00001	3688.6432	3675.4463	8.6873338	0	0	0	3666.5971	0	0	0	0.16188134
313.5	3677.6352	3653.0591	8.7885353	0	0	0	3644.0762	0	0	0	0.19441142
314	3610.7616	3630.7605	8.8171197	0	0	0	3621.7291	0	0	0	0.21422854
314.5	3569.4816	3608.5565	8.7911354	0	0	0	3599.5544	0	0	0	0.21096776
315	3585.3056	3586.7458	9.0001041	0	0	0	3577.5503	0	0	0	0.19545177
315.5	3574.5728	3564.6417	8.7341811	0	0	0	3555.7152	0	0	0	0.19224506
316	3598.5152	3542.947	8.6839416	0	0	0	3534.0478	0	0	0	0.21529681
316.5	3560.2624	3521.6501	8.8517697	0	0	0	3512.5463	0	0	0	0.25203165
317	3553.2448	3500.4827	9.0007566	0	0	0	3491.2092	0	0	0	0.27269958
317.5	3545.952	3479.299	9.0029194	0	0	0	3470.0351	0	0	0	0.26105718
318	3480.8672	3457.9937	8.7413271	0	0	0	3449.0224	0	0	0	0.22998638
318.5	3443.0272	3437.1733	8.7954652	0	0	0	3428.1697	0	0	0	0.20822288
319	3430.5056	3416.514	8.8253473	0	0	0	3407.4754	0	0	0	0.21319213
319.5	3398.3072	3395.8651	8.6876189	0	0	0	3386.9382	0	0	0	0.23921241
320	3372.9888	3375.1582	8.3359396	0	0	0	3366.5566	0	0	0	0.26562117
320.5	3329.3696	3354.6619	8.0581057	0	0	0	3346.3292	0	0	0	0.27456772
321	3364.5952	3334.4401	7.9268741	0	0	0	3326.2546	0	0	0	0.25868563
321.5	3264.9728	3314.1388	7.582559	0	0	0	3306.3313	0	0	0	0.22486617
322	3261.2576	3294.4178	7.6685297	0	0	0	3286.5581	0	0	0	0.19111989
322.5	3279.4208	3274.7331	7.6228368	0	0	0	3266.9336	0	0	0	0.17671656
323	3240.3424	3255.2805	7.6362637	0	0	0	3247.4563	0	0	0	0.18797049
323.5	3252.864	3236.024	7.6880209	0	0	0	3228.125	0	0	0	0.21090929
324	3226.4448	3216.9958	7.8339755	0	0	0	3208.9384	0	0	0	0.22340693
324.5	3201.1264	3198.0148	7.90587	0	0	0	3189.8952	0	0	0	0.21374522
325	3176.3584	3178.8226	7.6362636	0	0	0	3170.994	0	0	0	0.19238422
325.5	3156.544	3160.0912	7.6821732	0	0	0	3152.2336	0	0	0	0.17542546
326	3165.6256	3141.7304	7.9461502	0	0	0	3133.6128	0	0	0	0.17148084
326.5	3195.8976	3123.5874	8.2789879	0	0	0	3115.1302	0	0	0	0.1782087
327	3082.5152	3105.1733	8.1986478	0	0	0	3096.7847	0	0	0	0.18997219
327.5	3070.544	3086.8681	8.0886416	0	0	0	3078.575	0	0	0	0.20444969
328	3051.4176	3069.1338	8.4123848	0	0	0	3060.4999	0	0	0	0.22151904
328.5	3002.8448	3051.1692	8.372973	0	0	0	3042.5582	0	0	0	0.23806139
329	3033.2544	3033.3196	8.3194832	0	0	0	3024.7488	0	0	0	0.25139062
329.5	3018.944	3015.6179	8.2837545	0	0	0	3007.0704	0	0	0	0.26379391
330	2992.6624	2998.3532	8.5527109	0	0	0	2989.5219	0	0	0	0.27864825
330.5	2991.2864	2981.1647	8.7699118	0	0	0	2972.1021	0	0	0	0.29264466
331	2938.0352	2963.9196	8.8095407	0	0	0	2954.81	0	0	0	0.30013595
331.5	2934.4576	2946.9413	8.9953418	0	0	0	2937.6443	0	0	0	0.3016891
332	2930.88	2929.948	9.0382211	0	0	0	2920.604	0	0	0	0.30580965
332.5	2922.7616	2913.3816	9.3730083	0	0	0	2903.688	0	0	0	0.32059651
333	2941.888	2896.5893	9.3509211	0	0	0	2886.8951	0	0	0	0.3432351
333.5	2899.3696	2880.291	9.7036847	0	0	0	2870.2244	0	0	0	0.36298664
334	2871.1616	2864.2543	10.2063	0	0	0	2853.6746	0	0	0	0.37335029
334.5	2867.4464	2847.8948	10.272781	0	0	0	2837.2449	0	0	0	0.37710486
335	2900.7456	2832.0266	10.714763	0	0	0	2820.934	0	0	0	0.37777994
335.5	2870.0608	2816.4009	11.283862	0	0	0	2804.7411	0	0	0	0.37596349
336	2809.792	2800.5368	11.499114	0	0	0	2788.665	0	0	0	0.3726897
336.5	2792.8672	2784.8582	11.775867	0	0	0	2772.7047	0	0	0	0.3776149
337	2774.704	2769.5063	12.2473	0	0	0	2756.8593	0	0	0	0.39966354
337.5	2776.9056	2753.8405	12.278917	0	0	0	2741.1277	0	0	0	0.43382423
338	2779.6576	2738.5466	12.573427	0	0	0	2725.509	0	0	0	0.46410633
338.5	2741.5424	2723.4351	12.952609	0	0	0	2710.0022	0	0	0	0.48025105
339	2683.6128	2708.5197	13.426206	0	0	0	2694.6063	0	0	0	0.48719166
339.5	2682.2368	2693.862	14.04403	0	0	0	2679.3204	0	0	0	0.49766157
340	2678.1088	2679.1998	14.533868	0	0	0	2664.1434	0	0	0	0.52254932
340.5	2603.6672	2664.2661	14.633267	0	0	0	2649.0746	0	0	0	0.55829043
341	2624.5824	2649.5826	14.874287	0	0	0	2634.1129	0	0	0	0.59544627
341.5	2659.808	2635.1691	15.284003	0	0	0	2619.2575	0	0	0	0.62765341
342	2621.6928	2620.7715	15.60645	0	0	0	2604.5073	0	0	0	0.657681
342.5	2559.6352	2606.5708	16.019636	0	0	0	2589.8617	0	0	0	0.6895177
343	2541.7472	2592.5136	16.469629	0	0	0	2575.3195	0	0	0	0.7244491
343.5	2571.6064	2578.9073	17.267189	0	0	0	2560.88	0	0	0	0.76011875
344	2575.184	2565.0554	17.714357	0	0	0	2546.5423	0	0	0	0.79875881
344.5	2561.8368	2551.2774	18.126026	0	0	0	2532.3056	0	0	0	0.84584869
345	2576.1472	2537.4641	18.405596	0	0	0	2518.1689	0	0	0	0.88960922
345.5	2524.96	2523.7436	18.752723	0	0	0	2504.1314	0	0	0	0.85955756
346	2506.7968	2510.2827	19.504156	0	0	0	2490.1923	0	0	0	0.58624167
346.5	2480.1024	2496.1941	20.067629	0	0	0	2476.3507	0	0	0	-0.22420889
347	2471.8464	2481.0477	20.432513	0	0	0	2462.6059	0	0	0	-1.9907431
347.5	2428.0896	2464.8237	21.152122	0	0	0	2448.957	0	0	0	-5.2853939
348	2406.4864	2445.7525	21.537149	0	0	0	2435.4032	0	0	0	-11.187859
348.5	2363.28	2421.3692	22.031102	0	0	0	2421.9437	0	0	0	-22.605633
349	2349.3824	2387.6745	22.893204	0	0	0	2408.5777	0	0	0	-43.796481
349.5	2310.5792	2348.1354	23.745541	215.84892	0	0	2395.3045	-0.54865521	0	0	-70.914641
350	2342.9152	2323.8625	24.392381	236.41252	0	0	2382.1233	-1.0745238	0	0	-82.653179
350.5	2385.8464	2340.6111	25.213114	247.28412	0	0	2369.0332	-1.0023605	0	0	-53.635202
351	2382.1312	2397.2435	25.950465	259.06908	0	0	2356.0336	-0.022666104	0	0	15.25942
351.5	2390.8	2455.4765	26.606631	266.48154	0	0	2343.1237	1.0862876	0	0	85.746187
352	2392.7264	2473.9669	27.628526	272.46026	0	0	2330.3027	1.2679444	0	0	116.03568
352.5	2476.112	2465.6818	28.53415	277.40263	0	0	2317.5699	-0.057749212	0	0	119.57778
353	2613.9872	2519.6037	29.321537	279.02385	0	0	2304.9246	-1.4748997	0	0	185.35762
353.5	2731.36	2737.5175	30.146587	282.52565	0	0	2292.366	-1.0450925	0	0	415.00492
354	3021.8336	3126.2504	31.006083	288.12558	0	0	2279.8934	2.4231745	0	0	815.35083
354.5	3417.296	3551.6391	31.925129	290.74309	0	0	2267.5062	6.9197874	0	0	1252.2077
355	3830.5088	3822.3554	33.17053	293.01088	0	0	2255.2036	9.5769629	0	0	1533.9812
355.5	3928.8928	3841.9191	33.953146	294.98002	0	0	2242.985	8.3863318	0	0	1564.981
356	3802.576	3691.8184	35.19203	296.69104	0	0	2230.8495	5.1093987	0	0	1425.7768
356.5	3551.3184	3557.0337	36.337377	298.17671	0	0	2218.7966	2.5410522	0	0	1301.8996
357	3466.832	3576.808	37.114576	299.46392	0	0	2206.8256	2.8141505	0	0	1332.8678
357.5	3654.5184	3752.6859	38.387906	297.85736	0	0	2194.9358	5.0895802	0	0	1519.3622
358	4001.6832	3971.8559	39.280751	301.52891	0	0	2183.1266	7.6946434	0	0	1749.4486
358.5	4243.3088	4099.8925	40.33513	299.60509	0	0	2171.3972	9.1903384	0	0	1888.1602
359	4080.2528	4047.6323	41.505376	303.02661	0	0	2159.747	9.2114493	0	0	1846.3799
359.5	3767.6256	3795.9766	42.895641	303.59604	0	0	2148.1755	7.7009194	0	0	1604.9055
360	3320.1504	3400.6631	44.087978	304.06017	0	0	2136.6819	4.8044662	0	0	1219.8932
360.5	2950.4192	2979.2817	45.04535	301.66725	0	0	2125.2656	1.6210334	0	0	808.97073
361	2697.0976	2659.1023	46.369344	304.70774	0	0	2113.926	-0.47054574	0	0	498.80696
361.5	2546.288	2503.8114	48.049131	302.1384	0	0	2102.6625	-0.47112943	0	0	353.09975
362	2466.3424	2479.3104	49.435286	305.03003	0	0	2091.4745	0.79125156	0	0	338.40069
362.5	2482.8544	2494.4413	50.935122	302.31245	0	0	2080.3613	1.9396815	0	0	363.14495
363	2465.5168	2476.2359	52.336865	302.30178	0	0	2069.3223	1.8970175	0	0	354.57673
363.5	2400.7072	2416.8925	53.858351	305.0064	0	0	2058.357	1.062963	0	0	304.67719
364	2370.5728	2355.8721	55.15376	304.8823	0	0	2047.4648	0.29108482	0	0	253.25359
364.5	2353.9232	2331.1133	56.741294	304.70673	0	0	2036.645	0.25785219	0	0	237.727
365	2333.9712	2344.2419	58.088481	301.70976	0	0	2025.8971	0.7464237	0	0	260.25635
365.5	2356.4	2369.3086	59.400122	301.44247	0	0	2015.2205	1.2591208	0	0	294.68795
366	2373.8752	2380.2535	60.760715	301.13361	0	0	2004.6147	1.391848	0	0	314.87813
366.5	2384.8832	2370.1053	62.342629	303.55467	0	0	1994.0791	1.2238818	0	0	313.68366
367	2362.4544	2348.0919	63.85242	303.16818	0	0	1983.613	0.98994058	0	0	300.62645
367.5	2290.4896	2327.0631	65.519868	302.74713	0	0	1973.2161	0.88577553	0	0	288.3271
368	2318.1472	2312.4539	66.966437	302.29361	0	0	1962.8877	0.90094296	0	0	282.59977
368.5	2337.9616	2303.6498	68.778762	299.05156	0	0	1952.6272	0.9571769	0	0	282.24386
369	2286.3616	2296.7971	70.43863	298.54225	0	0	1942.4342	0.98768682	0	0	283.92426
369.49999	2266.1344	2289.9133	72.006684	300.75711	0	0	1932.3081	0.98794626	0	0	285.59854
369.99999	2273.9776	2283.3623	73.910384	300.19192	0	0	1922.2483	0.97437528	0	0	287.20357
370.49999	2296.544	2277.7327	75.362151	299.60274	0	0	1912.2544	0.96324013	0	0	290.11608
370.99999	2312.2304	2275.6239	77.038249	296.25246	0	0	1902.3259	0.96986871	0	0	296.2598
371.49999	2238.8896	2278.2749	78.938276	298.35782	0	0	1892.4622	1.0092661	0	0	306.87445
371.99999	2265.4464	2284.91	80.771597	297.70458	0	0	1882.6627	1.0912353	0	0	321.47565
372.49999	2312.7808	2293.5843	82.679648	294.30816	0	0	1872.9271	1.1961018	0	0	337.97751
372.99999	2321.5872	2301.3792	84.605002	293.62312	0	0	1863.2548	1.2938196	0	0	353.51942
373.49999	2299.4336	2305.3011	86.333087	292.92131	0	0	1853.6453	1.3565229	0	0	365.32276
373.99999	2280.8576	2303.5115	87.861955	294.91197	0	0	1844.098	1.3769796	0	0	371.55151
374.49999	2284.9856	2296.4105	89.700672	291.47108	0	0	1834.6127	1.3592799	0	0	372.0971
374.99999	2324.2016	2285.6371	91.61067	290.72436	0	0	1825.1887	1.3078432	0	0	368.8378
375.49999	2270.8128	2274.213	93.436628	292.6554	0	0	1815.8255	1.2386035	0	0	364.95087
375.99999	2252.0992	2265.8777	95.133532	291.87675	0	0	1806.5227	1.1846785	0	0	364.22147
376.49999	2248.6592	2264.3588	96.897772	291.0861	0	0	1797.2799	1.1805888	0	0	370.18107
376.99999	2284.848	2270.9251	98.478167	290.28411	0	0	1788.0965	1.2557413	0	0	384.35043
377.49999	2282.096	2284.409	100.50899	289.47141	0	0	1778.9722	1.3922412	0	0	404.92784
377.99999	2305.6256	2299.3895	102.17644	288.64863	0	0	1769.9064	1.5466021	0	0	427.30667
378.49999	2318.2848	2310.9772	104.00133	287.81633	0	0	1760.8986	1.6750859	0	0	446.07728
378.99999	2316.7712	2314.7267	105.50378	284.32836	0	0	1751.9485	1.7400612	0	0	457.27439
379.49999	2285.6736	2309.8181	107.54455	286.12532	0	0	1743.0557	1.7408861	0	0	459.21787
379.99999	2286.7744	2295.8903	109.644	285.26762	0	0	1734.2195	1.6907744	0	0	452.02681
380.49999	2305.3504	2274.5799	111.80758	284.40244	0	0	1725.4397	1.602964	0	0	437.33256
380.99999	2238.2016	2248.4689	113.8358	283.53022	0	0	1716.7158	1.4911705	0	0	417.91727
381.49999	2216.048	2220.9581	115.71828	282.65138	0	0	1708.0474	1.373654	0	0	397.19249
381.99999	2205.3152	2196.0073	117.67397	279.16126	0	0	1699.434	1.2711899	0	0	378.89937
382.49999	2170.0896	2177.2313	119.89536	278.27758	0	0	1690.8752	1.2045799	0	0	366.4608
382.99999	2164.448	2165.9697	121.74623	277.38852	0	0	1682.3706	1.1944233	0	0	361.85283
383.49999	2173.392	2162.6887	123.88922	276.49441	0	0	1673.9198	1.2448699	0	0	364.87966
383.99999	2140.6432	2164.9145	126.08722	275.59561	0	0	1665.5224	1.3317466	0	0	373.30495
384.49999	2200.224	2169.2092	128.34974	274.69243	0	0	1657.1779	1.428081	0	0	383.68156
384.99999	2159.2192	2171.871	130.50529	273.78518	0	0	1648.886	1.5069008	0	0	392.47972
385.49999	2159.632	2170.4236	132.66908	272.87414	0	0	1640.6463	1.5424795	0	0	397.10824
385.99999	2161.1456	2163.797	134.83915	274.50566	0	0	1632.4584	1.5315325	0	0	396.49948
386.49999	2151.5136	2152.5544	136.8715	271.04184	0	0	1624.3218	1.4902244	0	0	391.36104
386.99999	2151.5136	2138.6754	138.60477	270.12111	0	0	1616.2363	1.4353638	0	0	383.83442
387.49999	2135.6896	2125.0632	140.59921	269.19764	0	0	1608.2013	1.3837595	0	0	376.26271
387.99999	2117.8016	2113.2556	142.8834	270.78715	0	0	1600.2166	1.3517416	0	0	370.15558
388.49999	2092.0704	2103.6842	145.28581	267.34347	0	0	1592.2817	1.3437397	0	0	366.11665
388.99999	2084.3648	2096.3657	147.83463	266.4132	0	0	1584.3963	1.3517641	0	0	364.13479
389.49999	2070.3296	2089.8422	149.77385	265.48109	0	0	1576.56	1.3672426	0	0	363.50832
389.99999	2105.0048	2083.3344	151.61303	267.03171	0	0	1568.7725	1.381603	0	0	362.94886
390.49999	2091.6576	2076.119	153.81861	263.61215	0	0	1561.0333	1.3862736	0	0	361.26711
390.99999	2058.9088	2067.3728	156.18205	265.14435	0	0	1553.3421	1.3753249	0	0	357.84861
391.49999	2053.5424	2056.6504	158.277	261.73814	0	0	1545.6986	1.3517272	0	0	352.67477
391.99999	2022.9952	2044.6278	160.18848	260.79968	0	0	1538.1024	1.3203227	0	0	346.3369
392.49999	2039.92	2032.7497	162.57565	259.86046	0	0	1530.5531	1.2859535	0	0	339.62091
392.99999	2043.6352	2020.8271	164.66737	261.35765	0	0	1523.0504	1.2534619	0	0	333.10928
393.49999	2031.1136	2009.6795	166.76819	257.98037	0	0	1515.594	1.2276712	0	0	327.31739
393.99999	1990.1088	1999.9267	169.1045	259.46089	0	0	1508.1834	1.2111768	0	0	322.63876
394.49999	1959.6992	1991.1402	171.31616	258.51217	0	0	1500.8184	1.2022644	0	0	319.00562
394.99999	1964.5152	1983.2173	173.64117	257.56341	0	0	1493.4987	1.198727	0	0	316.07745
395.49999	1987.0816	1975.4814	175.71138	256.61473	0	0	1486.2238	1.1983577	0	0	313.5462
395.99999	1993.824	1968.3022	178.07862	253.27713	0	0	1478.9935	1.1989495	0	0	311.23005
396.49999	1962.5888	1961.2715	180.5264	254.71813	0	0	1471.8075	1.1982957	0	0	308.93766
396.99999	1953.92	1954.193	183.04829	251.39732	0	0	1464.6653	1.1947415	0	0	306.47937
397.49999	1949.3792	1946.8259	185.36907	250.4582	0	0	1457.5667	1.1885978	0	0	303.89007
397.99999	1900.5312	1939.2254	187.56456	251.87682	0	0	1450.5114	1.1806122	0	0	301.14946
398.49999	1905.3472	1931.4074	189.69489	248.58205	0	0	1443.499	1.1715321	0	0	298.21349
398.99999	1969.056	1923.881	192.01959	247.64522	0	0	1436.5293	1.1621051	0	0	295.33214
399.49999	1962.7264	1916.7531	194.38605	246.70935	0	0	1429.6019	1.1530789	0	0	292.76519
399.99999	1912.2272	1909.9346	196.75471	248.09949	0	0	1422.7165	1.1451963	0	0	290.46343
400.49999	1864.3424	1903.0183	198.89054	247.15777	0	0	1415.8727	1.1390108	0	0	288.25499
400.99999	1895.44	1896.3684	201.01412	243.90835	0	0	1409.0704	1.1348241	0	0	286.28383
401.49999	1903.5584	1890.6671	203.47603	242.97716	0	0	1402.3092	1.1329209	0	0	284.8819
401.99999	1858.4256	1885.5903	205.95035	244.34022	0	0	1395.5888	1.1335856	0	0	284.05117
402.49999	1892.9632	1880.8907	208.31618	241.11898	0	0	1388.9089	1.1371029	0	0	283.66568
402.99999	1877.4144	1876.6052	210.45594	240.19213	0	0	1382.2691	1.1437571	0	0	283.88014
403.49999	1854.848	1873.1206	212.5935	239.26686	0	0	1375.6693	1.1538276	0	0	284.85773
403.99999	1842.6016	1870.6093	215.08916	240.60411	0	0	1369.1092	1.1671119	0	0	286.41094
404.49999	1865.7184	1868.4398	217.6996	239.67422	0	0	1362.5883	1.1825436	0	0	288.15184
404.99999	1891.312	1866.1244	220.11175	236.50122	0	0	1356.1066	1.1989663	0	0	289.90609
405.49999	1908.9248	1863.4461	222.18054	237.81985	0	0	1349.6635	1.215224	0	0	291.60198
405.99999	1873.6992	1861.3349	225.01971	234.66652	0	0	1343.259	1.2301602	0	0	293.05615
406.49999	1867.3696	1858.4783	227.49655	235.97307	0	0	1336.8927	1.2426187	0	0	294.08897
406.99999	1838.6112	1855.2091	230.07936	232.8396	0	0	1330.5644	1.2514433	0	0	294.56538
407.49999	1835.9968	1851.022	232.39778	234.13431	0	0	1324.2737	1.2555668	0	0	294.35055
407.99999	1845.4912	1846.1512	234.88277	233.21806	0	0	1318.0204	1.2549495	0	0	293.24798
408.49999	1822.3744	1840.2011	237.06068	230.11465	0	0	1311.8043	1.2502109	0	0	291.33616
408.99999	1827.1904	1834.0325	239.42337	229.21064	0	0	1305.625	1.241981	0	0	288.98414
409.49999	1830.4928	1827.4261	241.6388	230.48238	0	0	1299.4823	1.2308901	0	0	286.30497
409.99999	1821.4112	1820.5091	243.98187	229.57499	0	0	1293.376	1.2175685	0	0	283.15124
410.49999	1792.6528	1812.9024	246.09274	228.66991	0	0	1287.3057	1.2026463	0	0	279.50393
410.99999	1838.1984	1805.1178	248.33061	227.7672	0	0	1281.2713	1.1867538	0	0	275.5159
411.49999	1782.7456	1797.0531	250.35827	224.72474	0	0	1275.2725	1.170521	0	0	271.42234
411.99999	1772.4256	1789.029	252.34683	225.96896	0	0	1269.3089	1.1545761	0	0	267.37319
412.49999	1779.7184	1781.3539	254.55127	222.947	0	0	1263.3805	1.1395453	0	0	263.42214
412.99999	1811.2288	1773.677	256.41455	222.06183	0	0	1257.4868	1.1260548	0	0	259.77565
413.49999	1761.968	1766.56	258.25459	221.17916	0	0	1251.6278	1.1147308	0	0	256.67764
413.99999	1757.84	1760.2394	260.16732	220.29902	0	0	1245.803	1.1061995	0	0	254.26902
414.49999	1762.9312	1755.0117	262.34961	219.42145	0	0	1240.0124	1.101087	0	0	252.64965
414.99999	1761.968	1750.3947	264.27899	218.54646	0	0	1234.2556	1.1000195	0	0	251.86016
415.49999	1762.3808	1747.0207	266.6916	219.75416	0	0	1228.5324	1.1036232	0	0	251.79666
415.99999	1731.1456	1744.2517	269.07093	216.80435	0	0	1222.8426	1.1123775	0	0	252.33818
416.49999	1747.2448	1741.5317	270.90612	218.00199	0	0	1217.1859	1.1257192	0	0	253.43961
416.99999	1710.2304	1739.2597	272.61067	215.07286	0	0	1211.5621	1.1426339	0	0	255.08687
417.49999	1701.2864	1738.121	274.82169	214.21116	0	0	1205.9711	1.1621054	0	0	257.32829
417.99999	1718.3488	1737.0381	276.62327	215.39403	0	0	1200.4124	1.1831175	0	0	260.00241
418.49999	1729.2192	1736.5993	279.04561	214.5302	0	0	1194.886	1.204654	0	0	262.66773
418.99999	1781.232	1735.5635	281.19024	213.66915	0	0	1189.3916	1.2256988	0	0	264.98169
419.49999	1766.784	1734.204	283.35715	210.79175	0	0	1183.9289	1.2452356	0	0	266.91794
419.99999	1764.3072	1732.9746	285.90054	209.94383	0	0	1178.4978	1.2622482	0	0	268.57631
420.49999	1707.0656	1731.3406	288.40814	211.10281	0	0	1173.098	1.2757393	0	0	269.83448
420.99999	1699.9104	1728.9851	290.73834	208.25642	0	0	1167.7293	1.2851668	0	0	270.51738
421.49999	1726.6048	1725.6253	292.65548	209.40609	0	0	1162.3916	1.2904571	0	0	270.57828
421.99999	1713.6704	1721.9043	294.94704	208.56202	0	0	1157.0845	1.2915578	0	0	269.87279
422.49999	1731.4208	1717.6194	297.57835	207.72083	0	0	1151.8079	1.2884165	0	0	268.23315
422.99999	1731.4208	1712.247	300.07434	206.88253	0	0	1146.5616	1.280981	0	0	265.6111
423.49999	1726.6048	1705.8397	302.33232	204.08768	0	0	1141.3453	1.2691989	0	0	262.16208
423.99999	1690.2784	1698.9734	304.66942	203.26256	0	0	1136.1588	1.2530178	0	0	258.14521
424.49999	1679.9584	1691.7612	307.16713	204.38507	0	0	1131.002	1.2323854	0	0	253.59202
424.99999	1655.1904	1683.7192	309.4091	201.62102	0	0	1125.8746	1.2072494	0	0	248.43553
425.49998	1647.4848	1674.8845	311.39358	202.73472	0	0	1120.7765	1.1775899	0	0	242.71441
425.99998	1646.7968	1665.525	313.3878	201.91396	0	0	1115.7074	1.1440889	0	0	236.42987
426.49998	1650.512	1656.2211	315.9125	201.09615	0	0	1110.6671	1.108106	0	0	229.64149
426.99998	1665.9232	1646.2174	318.00092	200.28129	0	0	1105.6554	1.0710281	0	0	222.56098
427.49998	1648.9984	1636.8751	320.67273	197.5683	0	0	1100.6722	1.0342424	0	0	215.53017
427.99998	1617.3504	1627.8176	323.15993	196.76657	0	0	1095.7173	0.99913588	0	0	208.9404
428.49998	1614.4608	1619.4327	325.55685	195.96779	0	0	1090.7904	0.96709564	0	0	203.08546
428.99998	1645.2832	1611.859	327.79159	195.17197	0	0	1085.8913	0.93950875	0	0	198.17606
429.49998	1634.4128	1605.6167	330.25963	196.25156	0	0	1081.02	0.91776227	0	0	194.33711
429.99998	1645.8336	1600.2509	332.47443	195.45455	0	0	1076.1761	0.90324327	0	0	191.60043
430.49998	1621.0656	1595.893	334.53004	194.66053	0	0	1071.3595	0.89733882	0	0	190.0035
430.99998	1593.8208	1593.3214	337.19604	193.8695	0	0	1066.57	0.90113026	0	0	189.55543
431.49998	1562.8608	1591.8195	339.82547	193.08145	0	0	1061.8074	0.91370562	0	0	190.18664
431.99998	1610.0576	1590.8993	342.00198	190.45925	0	0	1057.0716	0.93335403	0	0	191.82575
432.49998	1559.696	1591.2243	344.53202	191.51435	0	0	1052.3624	0.95836248	0	0	194.32988
432.99998	1545.248	1592.1654	347.02251	188.9121	0	0	1047.6795	0.98701797	0	0	197.46338
433.49998	1552.816	1593.5025	349.46292	188.14298	0	0	1043.0228	1.0176075	0	0	201.01671
433.99998	1590.7936	1594.4789	351.40817	189.18615	0	0	1038.3922	1.048418	0	0	204.67847
434.49998	1576.6208	1595.3385	353.45168	186.61366	0	0	1033.7874	1.0777366	0	0	208.09942
434.99998	1576.4832	1595.1593	354.93425	187.64899	0	0	1029.2083	1.1038501	0	0	211.01667
435.49998	1605.104	1594.3156	356.56029	186.8849	0	0	1024.6548	1.1250457	0	0	213.10058
435.99998	1593.5456	1592.6272	358.43172	186.1238	0	0	1020.1265	1.1396102	0	0	214.06895
436.49998	1604.2784	1589.9474	360.41494	183.59065	0	0	1015.6234	1.1458658	0	0	213.90903
436.99998	1608.6816	1586.0534	362.0779	182.84232	0	0	1011.1453	1.1433618	0	0	212.83016
437.49998	1614.736	1581.3693	363.64633	182.09695	0	0	1006.6921	1.1331671	0	0	211.0309
437.99998	1576.208	1576.2885	365.45747	183.10928	0	0	1002.2635	1.1164449	0	0	208.56749
438.49998	1583.088	1570.5604	367.18291	182.36311	0	0	997.85943	1.0943583	0	0	205.51812
438.99998	1576.6208	1564.4798	368.60455	179.87857	0	0	993.47968	1.0680706	0	0	202.3956
439.49998	1564.0992	1559.6496	370.16356	179.14502	0	0	989.12411	1.0387449	0	0	200.36191
439.99998	1536.992	1557.2042	372.01614	180.14244	0	0	984.79256	1.0075444	0	0	200.39552
440.49998	1545.936	1555.5934	373.79088	213.99636	0	0	980.48486	0.97563222	0	0	201.31765
440.99998	1558.8704	1552.1575	375.37595	213.1577	0	0	976.20086	0.94417166	0	0	200.58069
441.49998	1538.5056	1546.7075	377.11001	210.27441	0	0	971.9404	0.91432586	0	0	197.65713
441.99998	1569.1904	1540.091	378.59242	209.44989	0	0	967.70332	0.887258	0	0	193.79529
442.49998	1549.2384	1533.582	380.13462	208.62861	0	0	963.48948	0.86412912	0	0	189.95787
442.99998	1530.6624	1527.3001	381.57856	209.83564	0	0	959.29871	0.84563067	0	0	186.42279
443.49998	1505.2064	1521.2203	382.9173	209.01326	0	0	955.13087	0.83139929	0	0	183.17209
443.99998	1518.8288	1515.6233	384.33595	206.18407	0	0	950.9858	0.82092779	0	0	180.30152
444.49998	1480.0256	1510.8915	386.02981	205.37564	0	0	946.86335	0.81370894	0	0	177.99832
444.99998	1485.392	1506.4245	387.43293	206.56551	0	0	942.76338	0.80923556	0	0	176.22817
445.49998	1514.7008	1502.3154	388.79318	203.76841	0	0	938.68573	0.80700045	0	0	174.83653
445.99998	1514.8384	1498.7652	390.33256	202.96958	0	0	934.63027	0.8064964	0	0	173.80241
446.49998	1500.9408	1495.7694	392.06049	202.17393	0	0	930.59684	0.80721621	0	0	173.11206
446.99998	1492.4096	1492.464	393.27428	203.34697	0	0	926.58531	0.80865269	0	0	172.60441
447.49998	1464.8896	1488.9654	394.3053	202.55035	0	0	922.59552	0.81029862	0	0	172.06456
447.99998	1474.384	1485.6018	395.61357	201.75693	0	0	918.62734	0.81164682	0	0	171.36085
448.49998	1480.7136	1482.086	396.97115	200.96669	0	0	914.68062	0.81219007	0	0	170.43424
448.99998	1488.2816	1478.2745	398.20847	198.24331	0	0	910.75523	0.8114214	0	0	169.31084
449.49998	1453.6064	1474.7905	399.83372	197.46665	0	0	906.85102	0.80900909	0	0	168.10571
449.99998	1453.3312	1471.2802	401.42539	196.69313	0	0	902.96787	0.80511065	0	0	166.8869
450.49998	1457.0464	1467.5631	402.87278	197.83748	0	0	899.10563	0.7999683	0	0	165.58475
450.99998	1488.6944	1463.9697	404.62049	197.06308	0	0	895.26416	0.79382426	0	0	164.08502
451.49998	1463.9264	1459.9896	406.16867	196.29182	0	0	891.44334	0.78692076	0	0	162.37756
451.99998	1452.6432	1455.8621	407.67854	195.5237	0	0	887.64302	0.77950001	0	0	160.5405
452.49998	1457.184	1451.4179	408.90661	194.75871	0	0	883.86308	0.77180424	0	0	158.64824
452.99998	1450.8544	1447.3371	410.48664	193.99684	0	0	880.10338	0.76407567	0	0	156.74705
453.49998	1475.4848	1443.2231	412.01174	193.23809	0	0	876.3638	0.75655652	0	0	154.84754
453.99998	1450.992	1439.1931	413.58802	192.48244	0	0	872.6442	0.74948901	0	0	152.96084
454.49998	1461.5872	1435.0532	414.93713	189.87159	0	0	868.94446	0.74311537	0	0	151.17164
454.99998	1460.8992	1431.0519	416.2228	190.98042	0	0	865.26445	0.73767781	0	0	149.56465
455.49998	1445.488	1427.388	417.60801	188.38958	0	0	861.60403	0.73341856	0	0	148.17598
455.99998	1439.5712	1423.8233	418.76291	187.65316	0	0	857.9631	0.73057967	0	0	147.09726
456.49998	1429.664	1420.5302	419.80116	186.91977	0	0	854.34151	0.72929661	0	0	146.38754
456.99998	1394.9888	1417.3501	420.65776	188.01327	0	0	850.73915	0.72941452	0	0	145.9532
457.49998	1376.688	1414.7677	421.97544	187.27912	0	0	847.15589	0.73072954	0	0	145.63633
457.99998	1377.5136	1412.2039	423.25672	186.54801	0	0	843.59162	0.73303786	0	0	145.35555
458.49998	1389.76	1409.6071	424.46295	185.81992	0	0	840.0462	0.73613561	0	0	145.09796
458.99998	1392.7872	1406.6393	425.20841	183.29806	0	0	836.51953	0.73981898	0	0	144.91139
459.49998	1379.3024	1404.0496	426.17442	182.58271	0	0	833.01147	0.74388412	0	0	144.86374
459.99998	1393.3376	1401.5147	427.08926	183.65374	0	0	829.52192	0.74812719	0	0	144.90352
460.49998	1388.7968	1398.8002	427.79373	181.16091	0	0	826.05076	0.75234435	0	0	144.95576
460.99998	1366.5056	1395.7179	428.11387	182.22458	0	0	822.59786	0.75633177	0	0	145.00622
461.49998	1395.1264	1392.8151	428.6957	181.51447	0	0	819.16312	0.7598856	0	0	144.95626
461.99998	1421.1328	1388.9357	428.49854	180.80731	0	0	815.74641	0.76280202	0	0	144.69075
462.49998	1403.9328	1382.9711	426.38713	178.35272	0	0	812.34763	0.76487717	0	0	144.2363
462.99998	1389.3472	1379.0705	426.4142	177.65799	0	0	808.96666	0.76590723	0	0	143.68963
463.49998	1406.96	1374.9408	426.32063	178.70353	0	0	805.60338	0.76568865	0	0	143.01678
463.99998	1400.2176	1370.4646	426.06441	176.27724	0	0	802.25769	0.764136	0	0	142.14254
464.49998	1367.6064	1365.839	425.77098	175.59121	0	0	798.92948	0.76145963	0	0	141.13856
464.99998	1330.0416	1360.995	425.25697	174.90806	0	0	795.61863	0.7579155	0	0	140.11943
465.49998	1350.9568	1355.7503	424.28155	174.22777	0	0	792.32504	0.75375957	0	0	139.14367
465.99998	1366.2304	1350.5716	423.35148	175.25557	0	0	789.0486	0.74924777	0	0	138.17151
466.49998	1337.1968	1344.8804	421.97775	174.57465	0	0	785.7892	0.74463607	0	0	137.11347
466.99998	1362.3776	1339.4325	420.87749	172.20403	0	0	782.54673	0.74018042	0	0	136.00828
467.49998	1309.8144	1333.6454	419.37439	173.22137	0	0	779.32109	0.73613676	0	0	134.94994
467.99998	1299.632	1327.785	417.73311	172.54901	0	0	776.11218	0.73276105	0	0	133.93973
468.49998	1310.3648	1322.2283	416.28305	170.20577	0	0	772.91988	0.73030924	0	0	133.02534
468.99998	1333.344	1316.4144	414.38934	171.21277	0	0	769.7441	0.72903728	0	0	132.28097
469.49998	1315.456	1310.7871	412.47441	168.88761	0	0	766.58472	0.72920112	0	0	131.72796
469.99998	1316.832	1305.13	410.25178	168.2327	0	0	763.44166	0.73105672	0	0	131.43651
470.49998	1302.384	1299.741	407.9376	167.58056	0	0	760.31481	0.73486003	0	0	131.4886
470.99998	1284.6336	1294.6531	405.5184	166.93119	0	0	757.20406	0.74086699	0	0	131.93062
471.49998	1340.224	1290.1873	403.2893	166.28456	0	0	754.10932	0.74933328	0	0	132.78866
471.99998	1296.6048	1285.3385	400.30634	167.27128	0	0	751.03049	0.76036335	0	0	134.00163
472.49998	1251.7472	1280.8131	397.40921	166.62406	0	0	747.96747	0.77366175	0	0	135.4364
472.99998	1276.7904	1276.434	394.5201	165.97958	0	0	744.92016	0.78886771	0	0	136.99376
473.49998	1258.6272	1272.2032	391.68703	165.33783	0	0	741.88847	0.80562041	0	0	138.62771
473.99998	1269.4976	1268.087	388.84455	163.09231	0	0	738.87229	0.82355908	0	0	140.37019
474.49998	1276.6528	1263.3945	385.2306	162.46196	0	0	735.87154	0.84232292	0	0	142.29238
474.99998	1259.04	1259.0515	381.83029	163.42889	0	0	732.88612	0.86155114	0	0	144.33508
475.49998	1249.408	1254.6383	378.35086	161.2093	0	0	729.91593	0.88088294	0	0	146.37149
475.99998	1247.7568	1250.1261	374.84442	162.16973	0	0	726.96088	0.89995754	0	0	148.32083
476.49998	1239.776	1245.8546	371.7044	159.96726	0	0	724.02087	0.91841414	0	0	150.12928
476.99998	1213.0816	1243.4188	370.50279	159.3502	0	0	721.09582	0.93589195	0	0	151.82015
477.49998	1203.0368	1238.7631	367.15644	158.73577	0	0	718.18564	0.95203018	0	0	153.421
477.99998	1226.4288	1233.6757	363.50353	158.12396	0	0	715.29022	0.96646803	0	0	154.88195
478.49998	1200.1472	1228.2515	359.76144	159.0684	0	0	712.40949	0.97884472	0	0	156.08054
478.99998	1216.9344	1222.528	356.04635	156.90814	0	0	709.54335	0.98879946	0	0	156.93827
479.49998	1201.3856	1216.7024	352.56063	157.84627	0	0	706.69172	0.99597144	0	0	157.45002
479.99998	1170.0128	1210.4041	348.96722	157.23911	0	0	703.8545	0.99999988	0	0	157.58242
480.49998	1186.8	1203.6971	345.25637	155.10378	0	0	701.0316	1	0	0	157.40916
480.99998	1200.8352	1197.4133	342.10583	156.03254	0	0	698.22295	1	0	0	157.08453
481.49997	1207.8528	1191.0143	338.88388	153.91367	0	0	695.42845	1	0	0	156.70193
481.99997	1205.5136	1184.4747	335.51812	154.83624	0	0	692.64801	1	0	0	156.30854
482.49997	1173.1776	1178.0207	332.27434	154.24192	0	0	689.88156	1	0	0	155.86483
482.99997	1147.8592	1171.3617	328.92851	153.65013	0	0	687.12901	1	0	0	155.30417
483.49997	1149.5104	1165.0341	326.04534	153.06087	0	0	684.39027	1	0	0	154.59851
483.99997	1146.7584	1158.3951	322.92796	150.98256	0	0	681.66525	1	0	0	153.80192
484.49997	1166.848	1151.8563	319.8696	150.40383	0	0	678.95389	1	0	0	153.03278
484.99997	1162.3072	1145.5935	316.98927	149.82757	0	0	676.25609	1	0	0	152.34817
485.49997	1142.3552	1139.4971	314.18415	149.25378	0	0	673.57177	1	0	0	151.74113
485.99997	1144.4192	1133.1982	311.08184	148.68244	0	0	670.90086	1	0	0	151.21551
486.49997	1124.192	1127.2803	308.26949	148.11354	0	0	668.24327	1	0	0	150.76758
486.99997	1132.448	1121.5221	305.60676	149.00591	0	0	665.59891	1	0	0	150.31647
487.49997	1108.0928	1115.7122	302.93195	146.98304	0	0	662.96772	1	0	0	149.81248
487.99997	1103.1392	1109.6571	299.97016	146.42141	0	0	660.34961	1	0	0	149.33732
488.49997	1096.2592	1103.6967	297.07775	147.30494	0	0	657.74451	1	0	0	148.87443
488.99997	1076.032	1098.2054	294.75993	146.74279	0	0	655.15233	1	0	0	148.29317
489.49997	1072.592	1092.2885	292.07745	144.7509	0	0	652.573	1	0	0	147.63802
489.99997	1129.696	1086.7481	289.66513	144.19882	0	0	650.00645	1	0	0	147.07655
490.49997	1105.8912	1081.3108	287.25769	145.07074	0	0	647.45259	1	0	0	146.60056
490.99997	1052.64	1076.2977	285.26047	143.10174	0	0	644.91135	1	0	0	146.12592
491.49997	1036.5408	1070.9549	282.86514	142.55672	0	0	642.38266	1	0	0	145.70712
491.99997	1043.008	1065.8098	280.59115	143.42004	0	0	639.86644	1	0	0	145.35226
492.49997	1032.4128	1060.9931	278.67385	142.87451	0	0	637.36261	1	0	0	144.95664
492.99997	1037.504	1056.1378	276.79738	142.33131	0	0	634.87111	1	0	0	144.46933
493.49997	1059.2448	1051.0933	274.80993	141.79044	0	0	632.39186	1	0	0	143.89148
493.99997	1040.1184	1045.9976	272.85637	141.25188	0	0	629.92478	1	0	0	143.21644
494.49997	1049.888	1040.6831	270.70878	139.33525	0	0	627.46982	1	0	0	142.50448
494.99997	1078.784	1035.7269	268.8199	138.80635	0	0	625.02688	1	0	0	141.8801
495.49997	1040.3936	1031.0399	267.06887	138.27972	0	0	622.59591	1	0	0	141.37511
495.99997	1027.0464	1025.9537	264.9001	139.12059	0	0	620.17683	1	0	0	140.87673
496.49997	992.6464	1020.9678	262.89708	137.23321	0	0	617.76958	1	0	0	140.30117
496.99997	992.9216	1016.2091	261.11779	136.71331	0	0	615.37407	1	0	0	139.71725
497.49997	1007.0944	1011.7418	259.5517	136.19564	0	0	612.99025	1	0	0	139.19987
497.99997	1019.2032	1007.025	257.64166	135.68018	0	0	610.61805	1	0	0	138.76524
498.49997	1013.2864	1002.6433	255.98592	135.16693	0	0	608.25739	1	0	0	138.39994
498.99997	1000.2144	998.42078	254.48327	135.99141	0	0	605.90821	1	0	0	138.02929
499.49997	1004.0672	994.24562	253.05802	134.14701	0	0	603.57045	1	0	0	137.61715
499.99997	997.8752	990.11321	251.62414	133.64032	0	0	601.24403	1	0	0	137.24505
500.49997	983.84	985.85842	250.02793	134.45674	0	0	598.92889	1	0	0	136.90161
500.99997	974.6208	981.82287	248.73329	133.94955	0	0	596.62496	1	0	0	136.46463
501.49997	974.0704	977.52067	247.25153	132.13321	0	0	594.33217	1	0	0	135.93696
501.99997	966.3648	972.96824	245.53554	132.94167	0	0	592.05048	1	0	0	135.38222
502.49997	963.888	968.94413	244.35722	131.13919	0	0	589.7798	1	0	0	134.80712
502.99997	980.2624	964.70158	242.92571	130.64537	0	0	587.52007	1	0	0	134.2558
503.49997	980.8128	960.78905	241.73956	130.15365	0	0	585.27123	1	0	0	133.77825
503.99997	963.6128	957.21477	240.82094	129.66404	0	0	583.03322	1	0	0	133.36061
504.49997	957.4208	953.56914	239.84566	130.45942	0	0	580.80598	1	0	0	132.9175
504.99997	969.6672	949.97933	238.99675	128.69109	0	0	578.58943	1	0	0	132.39314
505.49997	948.2016	946.08143	237.84078	128.20773	0	0	576.38353	1	0	0	131.85711
505.99997	938.9824	942.52327	236.96094	127.72643	0	0	574.18821	1	0	0	131.37413
506.49997	966.3648	938.75402	235.80135	127.2472	0	0	572.0034	1	0	0	130.94927
506.99997	960.0352	935.01542	234.62275	126.77001	0	0	569.82905	1	0	0	130.56361
507.49997	927.1488	931.26026	233.44871	127.55001	0	0	567.66509	1	0	0	130.14646
507.99997	911.8752	927.52017	232.3519	125.82173	0	0	565.51148	1	0	0	129.65679
508.49997	917.2416	923.88242	231.33077	125.35062	0	0	563.36814	1	0	0	129.18351
508.99997	918.48	920.63816	230.61876	124.88153	0	0	561.23501	1	0	0	128.78439
509.49997	921.0944	917.29097	229.79514	125.65147	0	0	559.11205	1	0	0	128.38378
509.99997	934.992	913.44904	228.52755	123.94934	0	0	556.99919	1	0	0	127.9223
510.49997	898.2528	910.10858	227.75068	123.48623	0	0	554.89637	1	0	0	127.46153
510.99997	893.712	906.61223	226.80775	124.24872	0	0	552.80353	1	0	0	127.00094
511.49997	881.7408	903.09395	225.88067	122.56591	0	0	550.72063	1	0	0	126.49265
511.99997	918.7552	899.02695	224.38685	122.1087	0	0	548.6476	1	0	0	125.99251
512.49997	927.8368	895.61951	223.47276	121.65343	0	0	546.58438	1	0	0	125.56238
512.99997	882.2912	892.35049	222.61129	121.20011	0	0	544.53092	1	0	0	125.20827
513.49997	873.3472	888.84412	221.42895	120.74871	0	0	542.48717	1	0	0	124.928
513.99997	904.72	885.7224	220.60342	121.49656	0	0	540.45306	1	0	0	124.66592
514.49997	894.8128	882.4986	219.74981	121.04468	0	0	538.42855	1	0	0	124.32024
514.99997	891.2352	879.36803	219.09668	120.59472	0	0	536.41357	1	0	0	123.85777
515.49997	893.9872	876.20015	218.43226	118.96228	0	0	534.40809	1	0	0	123.35981
515.99997	879.8144	872.83805	217.5055	118.52041	0	0	532.41203	1	0	0	122.92052
516.49997	881.4656	869.97562	217.05677	119.2563	0	0	530.42535	1	0	0	122.4935
516.99997	879.1264	866.56264	216.09941	117.64231	0	0	528.448	1	0	0	122.01524
517.49997	873.8976	863.7678	215.73058	117.20606	0	0	526.47991	1	0	0	121.55731
517.99997	849.8176	860.40907	214.73603	117.93488	0	0	524.52105	1	0	0	121.152
518.49997	845.0016	856.78715	213.45665	116.33911	0	0	522.57136	1	0	0	120.75914
518.99997	847.2032	853.42277	212.44399	117.06326	0	0	520.63078	1	0	0	120.34801
519.49997	851.3312	850.36836	211.7629	115.47952	0	0	518.69926	1	0	0	119.90619
519.99997	837.7088	846.83481	210.58465	115.05245	0	0	516.77676	1	0	0	119.47341
520.49997	833.9936	843.64865	209.75158	115.76966	0	0	514.86322	1	0	0	119.03385
520.99997	845.6896	840.54658	209.02875	114.20376	0	0	512.9586	1	0	0	118.55924
521.49997	851.8816	837.36887	208.19414	113.78211	0	0	511.06284	1	0	0	118.11189
521.99997	867.7056	834.14721	207.28213	114.49245	0	0	509.17589	1	0	0	117.68919
522.49997	860.9632	831.33419	206.80027	112.94418	0	0	507.2977	1	0	0	117.23622
522.99997	830.0032	828.10616	205.88923	112.52787	0	0	505.42823	1	0	0	116.7887
523.49997	817.4816	825.20738	205.2554	112.11333	0	0	503.56742	1	0	0	116.38455
523.99997	810.1888	822.04831	204.31986	111.70054	0	0	501.71523	1	0	0	116.01322
524.49997	830.2784	819.4382	203.8829	111.28951	0	0	499.87162	1	0	0	115.68368
524.99997	832.48	816.11489	202.66102	110.88021	0	0	498.03652	1	0	0	115.41735
525.49997	815.0048	813.5503	202.15496	111.57481	0	0	496.20989	1	0	0	115.18545
525.99997	796.5664	810.89782	201.55083	110.0668	0	0	494.3917	1	0	0	114.95529
526.49997	824.7744	808.6996	201.38941	110.75699	0	0	492.58188	1	0	0	114.72831
526.99997	818.72	805.77003	200.52391	110.35067	0	0	490.7804	1	0	0	114.46571
527.49997	802.6208	803.04662	199.89872	109.94606	0	0	488.98721	1	0	0	114.1607
527.99997	781.7056	800.49912	199.423	109.54316	0	0	487.20225	1	0	0	113.87386
528.49997	805.3728	797.974	198.87916	109.14197	0	0	485.4255	1	0	0	113.66934
528.99997	789.5488	795.40621	198.13766	108.74247	0	0	483.65689	1	0	0	113.61166
529.49997	782.5312	792.92145	197.19018	107.27356	0	0	481.89639	1	0	0	113.83488
529.99997	763.8176	791.27739	196.58555	107.94851	0	0	480.14395	1	0	0	114.54789
530.49997	776.4768	790.72929	196.10559	107.55405	0	0	478.39952	1	0	0	116.22418
530.99997	805.0976	791.5475	195.29157	106.10154	0	0	476.66307	1	0	0	119.59286
531.49997	786.5216	793.20931	194.61552	105.71416	732.09839	0	474.93455	1	0.034721663	0	123.65925
531.99997	797.6672	791.05598	193.73806	106.38059	736.32056	0	473.21391	1	0.064764981	0	124.10402
532.49997	793.1264	781.70817	193.20094	104.94429	726.35333	0	471.50111	1	0.049942021	0	117.00613
532.99997	757.488	767.51045	192.54422	104.56179	723.50106	0	469.79611	1	-0.027687598	0	105.17013
533.49997	756.112	759.36375	192.05829	105.2219	727.68292	0	468.09886	1	-0.10669344	0	99.206594
533.99997	762.4416	767.56612	190.98649	103.8016	717.83667	0	466.40933	1	-0.10796454	0	110.1703
534.49997	802.7584	794.16683	190.41812	104.45754	721.99189	0	464.72747	1	0.009657749	0	139.02124
534.99997	833.4432	825.82257	189.45621	104.07777	719.16637	0	463.05324	1	0.16646219	0	173.31313
535.49997	844.3136	846.58144	189.088	102.67326	709.43935	0	461.3866	1	0.25877467	0	196.10685
535.99997	840.3232	847.89035	188.92706	102.30031	706.66642	0	459.7275	1	0.2251669	0	199.2358
536.49997	825.7376	835.36435	188.56095	102.94799	710.76892	0	458.0759	1	0.12448777	0	188.72749
536.99997	834.2688	823.4493	187.77206	101.55909	701.15942	0	456.43177	1	0.036791418	0	179.24547
537.49996	834.544	826.45093	187.10637	101.19082	698.4252	0	454.79507	1	0.017574916	0	184.54949
537.99996	847.2032	851.96654	186.70961	100.82409	695.70374	0	453.16574	1	0.059723101	0	212.09119
538.49996	895.088	901.7536	186.21726	101.46363	699.75424	0	451.54376	1	0.1463245	0	263.99258
538.99996	973.9328	975.9847	185.59963	101.09642	697.03258	0	449.92908	1	0.26943024	0	340.45599
539.49996	1086.6272	1074.9858	185.56992	100.73075	694.32359	0	448.32166	1	0.44159338	0	441.09422
539.99996	1185.5616	1194.9077	185.03521	100.36661	691.6272	0	446.72147	1	0.67808619	0	563.151
540.49996	1339.6736	1328.3978	184.37049	99.01336	682.28541	0	445.12846	1	0.97395584	0	698.89884
540.99996	1450.8544	1461.9769	183.32285	99.642899	686.27192	0	443.5426	1	1.282668	0	835.11141
541.49996	1572.9056	1581.6506	182.95684	98.29964	677.00499	0	441.96384	1	1.5527182	0	956.72988
541.99996	1697.4336	1674.7991	182.51928	97.945018	674.38313	0	440.39216	1	1.7474346	0	1051.8877
542.49996	1728.6688	1734.3197	181.94404	98.568637	678.33179	0	438.8275	1	1.8575979	0	1113.5482
542.99996	1751.3728	1759.4771	181.13002	97.240214	669.1758	0	437.26984	1	1.8772415	0	1141.0773
543.49996	1751.7856	1757.8479	180.6626	96.890018	666.59019	0	435.71913	1	1.821051	0	1141.4662
543.99996	1755.2256	1739.9897	180.32457	97.507781	670.50139	0	434.17534	1	1.7381733	0	1125.4897
544.49996	1710.7808	1714.3518	179.23536	96.194008	661.45477	0	432.63843	1	1.6803717	0	1102.478
544.99996	1687.9392	1686.1577	178.73669	96.807901	665.3412	0	431.10836	1	1.6630311	0	1076.3127
545.49996	1636.8896	1652.4963	178.34057	95.503793	656.36663	0	429.5851	1	1.6467414	0	1044.5707
545.99996	1624.5056	1608.5171	177.63676	96.113844	660.22848	0	428.06862	1	1.5882472	0	1002.8118
546.49996	1548.8256	1553.1923	177.11017	95.768982	657.68976	0	426.55886	1	1.474034	0	949.52325
546.99996	1488.5568	1489.9173	176.36852	95.425556	655.16271	0	425.0558	1	1.3310664	0	888.49297
547.49996	1429.3888	1426.6394	176.00912	95.08356	652.64727	0	423.55941	1	1.1890351	0	827.07087
547.99996	1377.2384	1370.193	175.35178	94.742986	650.14339	0	422.06964	1	1.0716541	0	772.77153
548.49996	1302.2464	1326.4447	174.77087	93.467392	641.38092	0	420.58647	1	0.99528084	0	731.08732
548.99996	1315.0432	1296.3486	174.17694	94.06608	645.17002	0	419.10985	1	0.97476179	0	703.06179
549.49996	1279.2672	1275.1731	173.87595	93.729736	642.70041	0	417.63975	1	0.99514167	0	683.65737
549.99996	1238.4	1253.6646	173.08534	93.394788	640.24211	0	416.17614	1	1.0082784	0	664.40312
550.49996	1242.528	1225.9579	172.06862	93.06123	637.79505	0	414.71898	1	0.96644512	0	639.1703
550.99996	1185.6992	1193.5056	171.33792	91.808857	629.20478	0	413.26823	1	0.87214912	0	608.89944
551.49996	1151.5744	1162.9956	170.61211	91.48127	626.80286	0	411.82388	1	0.77852451	0	580.55958
551.99996	1152.4	1140.9919	170.07108	92.068836	630.52073	0	410.38587	1	0.7383774	0	560.53496
552.49996	1137.952	1127.6987	169.03193	90.830165	622.03186	0	408.95418	1	0.75434051	0	549.71264
552.99996	1101.7632	1120.1994	168.5094	90.506635	619.66265	0	407.52877	1	0.78328266	0	544.1612
553.49996	1116.8992	1113.231	167.97654	91.088728	623.34546	0	406.10961	1	0.78284805	0	539.14483
553.99996	1120.752	1105.6747	167.4655	89.863588	614.95656	0	404.69667	1	0.75150693	0	533.51258
554.49996	1087.8656	1100.2023	166.60737	90.442064	618.61619	0	403.28991	1	0.72142345	0	530.30498
554.99996	1092.8192	1100.9705	165.92801	89.225852	610.29316	0	401.8893	1	0.72478125	0	533.15315
555.49996	1110.5696	1109.0808	165.63204	88.908961	607.97733	0	400.49481	1	0.76660846	0	542.95396
555.99996	1135.888	1121.4109	165.2766	88.593379	605.67201	0	399.10641	1	0.82207447	0	557.02786
556.49996	1139.6032	1133.408	164.49163	89.164699	609.28578	0	397.72407	1	0.86483696	0	571.19234
556.99996	1135.2	1143.5723	163.90475	87.966119	601.09265	0	396.34774	1	0.87976271	0	583.31984
557.49996	1139.4656	1152.9792	163.30925	88.533899	604.68374	0	394.97741	1	0.88170941	0	594.69256
557.99996	1160.656	1164.593	162.83431	88.220449	602.39831	0	393.61304	1	0.89049748	0	608.14569
558.49996	1187.6256	1180.8612	162.58027	87.90829	600.12321	0	392.25459	1	0.92485721	0	626.02636
558.99996	1222.1632	1201.8863	162.0388	86.727053	592.05758	0	390.90205	1	0.98552284	0	648.94545
559.49996	1225.0528	1225.8346	161.3287	87.287826	595.60376	0	389.55537	1	1.0584594	0	674.95054
559.99996	1227.2544	1249.3061	160.79222	86.979508	593.3593	0	388.21452	1	1.1291951	0	700.29935
560.49996	1268.9472	1269.3367	160.53974	85.811089	585.38776	0	386.87949	1	1.1844947	0	721.91746
560.99996	1292.752	1283.9501	160.13548	86.366672	588.90066	0	385.55022	1	1.2213312	0	738.26444
561.49996	1299.4944	1292.6985	159.65601	85.20671	580.99111	0	384.22671	1	1.241708	0	748.81584
561.99996	1295.9168	1296.257	159.40636	85.758863	584.48202	0	382.9089	1	1.2476641	0	753.94178
562.49996	1282.2944	1295.3865	159.07682	84.607288	576.63389	0	381.59679	1	1.2415008	0	754.71288
562.99996	1282.7072	1291.8502	158.78072	85.156036	580.10297	0	380.29033	1	1.2283294	0	752.7792
563.49996	1315.5936	1287.5109	158.29089	84.012779	572.3157	0	378.98949	1	1.2149669	0	750.23047
563.99996	1280.5056	1284.6657	157.63418	83.717352	570.17111	0	377.69426	1	1.208254	0	749.33728
564.49996	1272.3872	1284.5929	157.01025	84.261037	573.60771	0	376.40459	1	1.2149382	0	751.17808
564.99996	1291.5136	1286.8724	156.56565	83.130127	565.91068	0	375.12046	1	1.2359373	0	755.18629
565.49996	1296.7424	1289.3422	155.79474	83.670466	569.32582	0	373.84185	1	1.2629996	0	759.70559
565.99996	1271.6992	1290.5763	155.50906	82.547704	561.68826	0	372.56871	1	1.2870687	0	762.49851
566.49996	1282.1568	1288.2305	155.06927	82.258278	559.59118	0	371.30103	1	1.2990879	0	761.86023
566.99996	1298.6688	1281.3673	154.43976	81.970037	557.50346	0	370.03878	1	1.2908527	0	756.88879
567.49996	1280.7808	1270.0811	153.84899	82.503753	560.87612	0	368.78192	1	1.2642763	0	747.45021
567.99996	1281.8816	1255.6033	153.30632	81.397084	553.35587	0	367.53044	1	1.2279035	0	734.76659
568.49996	1210.4672	1240.0323	152.58869	81.927523	556.70752	0	366.28429	1	1.190394	0	721.15935
568.99996	1208.9536	1226.2066	152.13867	80.828802	549.24513	0	365.04346	1	1.1604077	0	709.02451
569.49996	1192.4416	1215.8354	151.6748	80.5464	547.20344	0	363.80792	1	1.1458901	0	700.35269
569.99996	1198.9088	1209.5243	151.15487	80.265149	545.17083	0	362.57764	1	1.1464938	0	695.79182
570.49996	1241.4272	1206.166	150.5938	80.789104	548.48088	0	361.3526	1	1.1565259	0	694.21956
570.99996	1236.6112	1204.3649	150.39065	79.706082	541.13261	0	360.13276	1	1.1702047	0	693.84147
571.49996	1212.6688	1202.214	150.24294	80.226828	544.42208	0	358.9181	1	1.1817487	0	693.05292
571.99996	1199.4592	1198.0155	149.59096	79.151559	537.13009	0	357.70859	1	1.1854317	0	690.71592
572.49996	1178.9568	1192.3244	148.99652	78.875989	535.1421	0	356.50421	1	1.1791019	0	686.82365
572.99996	1158.4544	1186.0022	148.57228	78.601539	533.1629	0	355.30494	1	1.1662921	0	682.125
573.49996	1148.6848	1179.9642	148.63959	79.115936	536.41163	0	354.11074	1	1.1510411	0	677.21384
573.99996	1179.7824	1173.6482	148.22471	78.841029	534.43108	0	352.92158	1	1.1373878	0	672.50188
574.49996	1187.0752	1168.2393	147.74029	78.567237	532.45926	0	351.73745	1	1.1293712	0	668.76152
574.99996	1171.2512	1164.7924	147.19478	77.514847	525.33307	0	350.55832	1	1.130735	0	667.03928
575.49996	1187.3504	1163.3466	146.4371	78.022982	528.54163	0	349.38416	1	1.1409173	0	667.52534
575.99996	1155.84	1163.631	146.32228	77.752508	526.59573	0	348.21495	1	1.1560972	0	669.09378
576.49996	1142.4928	1163.6148	145.87318	76.711346	519.55077	0	347.05066	1	1.1723729	0	670.69096
576.99996	1170.1504	1163.2646	145.60291	76.445681	517.64025	0	345.89127	1	1.1858425	0	671.7704
577.49996	1178.544	1161.1051	145.19472	76.947641	520.80919	0	344.73675	1	1.1926042	0	671.17364
577.99996	1150.8864	1156.1075	145.01322	76.68152	518.89725	0	343.58708	1	1.188904	0	667.50719
578.49996	1150.1984	1148.1321	144.86597	75.655117	511.95888	0	342.44223	1	1.1745699	0	660.8239
578.99996	1137.8144	1138.6046	144.79817	75.393725	510.08166	0	341.30218	1	1.1531177	0	652.50425
579.49996	1112.496	1128.5583	144.76895	75.889595	513.21153	0	340.16691	1	1.1282323	0	643.62246
579.99996	1108.368	1118.7443	144.98915	75.62775	511.33285	0	339.03638	1	1.1035983	0	634.71879
580.49996	1119.2384	1109.1478	144.649	75.366961	509.46237	0	337.91058	1	1.0829005	0	626.58823
580.99996	1093.92	1101.5326	144.48333	75.107223	507.60007	0	336.78949	1	1.0698237	0	620.25977
581.49996	1119.1008	1096.8015	144.46165	74.102509	500.81801	0	335.67307	1	1.0671536	0	616.66676
581.99996	1076.5824	1094.7993	144.22195	74.590886	503.89979	0	334.56131	1	1.0734093	0	616.016
582.49996	1103.0016	1094.9469	144.10284	74.334275	502.06174	0	333.45418	1	1.0858453	0	617.38986
582.99996	1090.48	1096.2623	144.23816	74.078698	500.23169	0	332.35166	1	1.1017155	0	619.67247
583.49996	1088.0032	1097.7118	144.16152	73.088149	493.55152	0	331.25373	1	1.1182743	0	622.29651
583.99996	1112.3584	1098.8745	144.06213	73.570624	496.59543	0	330.16036	1	1.1327758	0	624.65198
584.49996	1130.1088	1098.7426	144.09265	73.318117	494.78915	0	329.07153	1	1.1424742	0	625.57841
584.99996	1086.6272	1096.3949	144.17364	73.066625	492.9907	0	327.98721	1	1.1452162	0	624.23406
585.49996	1099.8368	1091.5069	143.71005	72.090011	486.41061	0	326.90739	1	1.1416955	0	620.88943
585.99996	1080.848	1085.6027	143.37223	71.842977	484.6447	0	325.83204	1	1.1334593	0	616.39844
586.49996	1084.8384	1079.3936	143.51227	72.318189	487.64201	0	324.76115	1	1.1220552	0	611.12014
586.99996	1053.0528	1072.2793	143.42805	71.351878	481.13581	0	323.69468	1	1.1090307	0	605.15653
587.49996	1032.9632	1064.8366	143.333	71.824219	484.11469	0	322.63261	1	1.0959333	0	598.87098
587.99996	1029.3856	1057.3903	143.06968	70.864708	477.65721	0	321.57493	1	1.0843104	0	592.74569
588.49996	1034.2016	1051.0694	143.05928	70.622585	475.92917	0	320.52162	1	1.0756814	0	587.48846
588.99996	1078.096	1046.0585	142.9274	70.381431	474.2086	0	319.47264	1	1.0707063	0	583.65845
589.49996	1088.1408	1042.4221	142.65931	70.141241	472.49544	0	318.42798	1	1.0690535	0	581.33485
589.99996	1060.896	1040.4801	142.91654	70.606493	475.42884	0	317.38762	1	1.0703361	0	580.17594
590.49996	1024.9824	1038.7699	142.54347	69.663739	469.09125	0	316.35153	1	1.0741672	0	579.87484
590.99996	1040.1184	1037.9706	142.38038	70.126189	472.00667	0	315.3197	1	1.08016	0	580.2705
591.49996	1049.0624	1037.2944	142.06663	69.887473	470.30662	0	314.29211	1	1.0879274	0	580.93564
591.99996	1036.9536	1037.0325	142.01355	68.954611	464.0397	0	313.26872	1	1.0970827	0	581.75022
592.49996	1017.9648	1037.338	142.01311	68.720119	462.37031	0	312.24953	1	1.1072391	0	583.07535
592.99995	1020.992	1038.0849	141.81692	68.486561	460.70807	0	311.23451	1	1.118013	0	585.03347
593.49995	1033.7888	1039.4262	141.69457	68.253933	459.05297	0	310.22364	1	1.1290249	0	587.50802
593.99995	1057.456	1041.1238	141.53368	68.022232	457.40495	0	309.2169	1	1.1398956	0	590.37326
594.49995	1048.3744	1043.0145	141.60208	68.475026	460.25842	0	308.21427	1	1.1502457	0	593.19815
594.99995	1034.4768	1044.4031	141.9243	68.242885	458.60874	0	307.21573	1	1.159696	0	595.26303
595.49995	1024.5696	1044.414	141.96417	68.011668	456.96611	0	306.22126	1	1.1678673	0	596.2286
595.99995	1025.5328	1043.4034	141.81714	67.104604	450.88313	0	305.23084	1	1.1743802	0	596.35543
596.49995	1043.8336	1042.1131	142.0198	67.551984	453.70186	0	304.24445	1	1.1788555	0	595.84884
596.99995	1076.9952	1039.7338	141.77536	66.65124	447.66386	0	303.26207	1	1.1809879	0	594.6964
597.49995	1052.5024	1036.8705	141.47131	66.425906	446.06451	0	302.28368	1	1.1809464	0	593.11551
597.99995	1048.0992	1033.938	141.51005	66.869274	448.85751	0	301.30926	1	1.1790861	0	591.11867
598.49995	1013.0112	1030.7904	141.8511	65.977914	442.88624	0	300.33879	1	1.1757631	0	588.60052
598.99995	1007.5072	1026.8961	141.8771	66.41863	445.66222	0	299.37226	1	1.1713329	0	585.64675
599.49995	1024.2944	1022.0293	141.44815	66.194645	444.07476	0	298.40964	1	1.1661516	0	582.17148
599.99995	1030.0736	1017.5515	141.75105	65.312557	438.16934	0	297.45091	1	1.1605748	0	578.34956
600.49995	1018.6528	1012.9424	141.90634	65.749329	440.92003	0	296.49606	1	1.1549583	0	574.54006
600.99995	1007.3696	1008.5966	142.20343	64.87336	435.05803	0	295.54506	1	1.149658	0	570.84812
601.49995	1001.5904	1004.3932	142.48041	65.307526	437.792	0	294.5979	1	1.1450134	0	567.31491
601.99995	989.344	1000.1029	142.47478	64.437626	431.97305	0	293.65456	1	1.141173	0	563.97352
602.49995	981.9136	996.30748	142.74871	64.869203	434.69041	0	292.71502	1	1.1381618	0	560.84376
602.99995	983.7024	992.85494	143.05167	64.005324	428.91414	0	291.77926	1	1.1360024	0	558.02402
603.49995	991.2704	989.96118	143.25976	63.79045	427.39437	0	290.84726	1	1.1347177	0	555.85416
603.99995	1000.4896	987.98105	143.80587	64.218177	430.08704	0	289.91901	1	1.1343305	0	554.25617
604.49995	977.5104	985.60063	143.93131	64.002875	428.56552	0	288.99449	1	1.1348635	0	552.67484
604.99995	976.96	983.78352	144.54303	63.150894	422.87348	0	288.07367	1	1.1363396	0	551.16682
605.49995	1006.544	982.29562	144.82436	62.939384	421.37921	0	287.15655	1	1.1387815	0	550.31471
605.99995	995.536	981.3798	145.06127	63.362038	424.03934	0	286.2431	1	1.1422121	0	550.07543
606.49995	1005.4432	980.57034	145.32589	63.150102	422.5433	0	285.3333	1	1.1466319	0	549.91114
606.99995	1005.5808	979.99298	145.73689	62.309829	416.93404	0	284.42715	1	1.1518987	0	549.82895
607.49995	988.9312	979.50975	145.98572	62.728723	419.57006	0	283.52461	1	1.157813	0	549.99942
607.99995	943.7984	979.18354	146.48095	62.519273	418.0928	0	282.62567	1	1.1641753	0	550.07691
608.49995	960.9984	978.44648	146.70533	61.687659	412.54469	0	281.73033	1	1.170786	0	550.01082
608.99995	938.7072	977.80309	146.78655	61.481893	411.09383	0	280.83855	1	1.1774455	0	550.178
609.49995	941.5968	977.43372	147.07497	61.895833	413.6981	0	279.95032	1	1.1839544	0	550.40844
609.99995	969.392	976.80105	147.43163	61.072775	408.21034	0	279.06562	1	1.190113	0	550.30379
610.49995	973.1072	976.56141	148.37639	60.869416	406.77765	0	278.18444	1	1.1957218	0	550.00058
610.99995	999.664	975.76639	148.73332	60.666852	405.35094	0	277.30677	1	1.2005813	0	549.72631
611.49995	1015.9008	975.44969	149.47737	60.46508	403.9302	0	276.43257	1	1.2044933	0	549.53975
611.99995	993.6096	975.30192	150.26927	60.264097	402.5154	0	275.56185	1	1.2073556	0	549.4708
612.49995	965.952	974.93476	150.97763	60.670733	405.07282	0	274.69457	1	1.2092148	0	549.26256
612.99995	966.5024	973.6788	151.45688	60.469331	403.65621	0	273.83073	1	1.2101306	0	548.39119
613.49995	968.4288	971.96557	152.32176	60.268714	402.2455	0	272.9703	1	1.2101626	0	546.67351
613.99995	1011.4976	969.87398	153.29535	59.467975	396.91494	0	272.11328	1	1.2093706	0	544.46535
614.49995	971.3184	967.38183	154.01216	59.869823	399.44168	0	271.25964	1	1.2078143	0	542.11003
614.99995	957.696	965.06358	154.98489	59.074553	394.14957	0	270.40937	1	1.2055534	0	539.66932
615.49995	940.9088	962.32799	155.70583	59.474032	396.66112	0	269.56246	1	1.2026475	0	537.05971
615.99995	940.0832	959.12826	156.43581	59.27729	395.2795	0	268.71888	1	1.1991563	0	533.97357
616.49995	950.2656	955.63203	157.26949	58.490143	390.04447	0	267.87862	1	1.1951396	0	530.48393
616.99995	937.056	952.25925	158.16077	58.296852	388.68744	0	267.04166	1	1.190657	0	527.05681
617.49995	950.128	948.67839	158.85865	58.69164	391.16892	0	266.208	1	1.1857726	0	523.61174
617.99995	971.3184	945.26622	160.04003	57.912519	385.99024	0	265.37761	1	1.1805643	0	519.84857
618.49995	948.4768	941.55723	161.0315	57.721471	384.65001	0	264.55048	1	1.1751125	0	515.97524
618.99995	941.872	938.2302	162.24258	57.531163	383.31532	0	263.7266	1	1.1694977	0	512.26103
619.49995	917.104	935.17221	163.5284	57.341592	381.98615	0	262.90594	1	1.1638004	0	508.73787
619.99995	924.672	932.45576	164.94422	57.152756	380.66246	0	262.08849	1	1.1581011	0	505.42305
620.49995	930.0384	930.06458	166.49505	56.964651	379.34425	0	261.27424	1	1.1524803	0	502.2953
620.99995	923.7088	927.75449	168.20979	57.35138	381.77408	0	260.46317	1	1.1470184	0	499.08153
621.49995	927.2864	924.752	169.49409	56.590621	376.7241	0	259.65528	1	1.1417959	0	495.60263
621.99995	934.1664	922.33018	171.29184	56.40469	375.42212	0	258.85053	1	1.1368934	0	492.18781
622.49995	918.7552	920.17905	172.92984	56.219477	374.12549	0	258.04892	1	1.1323913	0	489.20028
622.99995	913.1136	918.5364	174.59655	56.034979	372.8342	0	257.25044	1	1.12837	0	486.68942
623.49995	939.5328	917.35559	176.47503	56.416067	375.2279	0	256.45506	1	1.1248839	0	484.42549
623.99995	954.3936	916.07411	178.1661	55.668116	370.26752	0	255.66278	1	1.1218965	0	482.24524
624.49995	910.7744	914.93749	179.91743	56.046974	372.64693	0	254.87357	1	1.119352	0	480.14649
624.99995	911.1872	913.63547	181.56499	55.863493	371.36439	0	254.08743	1	1.1171946	0	477.98305
625.49995	905.5456	912.55769	183.3766	55.123106	366.45687	0	253.30434	1	1.1153682	0	475.87675
625.99995	904.3072	911.94736	185.34646	55.498647	368.81504	0	252.52429	1	1.1138172	0	474.0766
626.49995	884.768	911.19041	187.03879	55.317276	367.54818	0	251.74726	1	1.1124855	0	472.40436
626.99995	899.4912	910.6366	189.02372	55.136602	366.28651	0	250.97324	1	1.1113173	0	470.63965
627.49995	898.9408	909.98438	191.00788	54.956622	365.03	0	250.20221	1	1.1102568	0	468.77428
627.99995	909.3984	908.99316	192.74715	54.777333	363.77861	0	249.43416	1	1.1092481	0	466.81184
628.49995	902.7936	907.97511	194.62596	54.598732	362.53234	0	248.66908	1	1.1082353	0	464.68007
628.99995	896.3264	906.90133	196.66144	54.420816	361.29115	0	247.90695	1	1.1071625	0	462.33293
629.49995	900.8672	905.60282	198.51642	53.700169	356.52136	0	247.14776	1	1.1059739	0	459.93865
629.99995	906.096	904.52264	200.5023	54.067027	358.82391	0	246.39149	1	1.1046287	0	457.62885
630.49995	909.3984	903.7697	202.72351	53.351218	354.08784	0	245.63814	1	1.103122	0	455.40805
630.99995	919.856	903.28337	204.95887	53.177744	352.87851	0	244.88768	1	1.1014542	0	453.43681
631.49995	882.8416	903.12178	207.30931	53.541406	355.16059	0	244.14011	1	1.0996259	0	451.67236
631.99995	909.1232	902.64552	209.30042	52.832784	350.47456	0	243.39541	1	1.0976375	0	449.94969
632.49995	935.5424	902.09521	211.1703	53.194333	352.74312	0	242.65357	1	1.0954895	0	448.27135
632.99995	927.1488	901.69986	213.28302	53.02179	351.54174	0	241.91457	1	1.0931823	0	446.50227
633.49995	922.4704	900.86736	215.16077	52.849905	350.34522	0	241.1784	1	1.0907165	0	444.52819
633.99995	884.9056	899.6397	216.79077	52.678677	349.15355	0	240.44505	1	1.0880924	0	442.40389
634.49995	893.712	898.32699	218.42686	52.508101	347.96671	0	239.71451	1	1.0853106	0	440.18562
634.99995	899.7664	897.25037	220.38666	52.338174	346.78467	0	238.98675	1	1.0823715	0	437.87696
635.49995	877.0624	895.94355	222.22546	52.168896	345.60741	0	238.26178	1	1.0792756	0	435.45632
635.99995	889.1712	894.50277	224.0724	52.000261	344.4349	0	237.53958	1	1.0760234	0	432.89079
636.49995	880.64	892.79085	225.8564	51.832268	343.26713	0	236.82013	1	1.0726158	0	430.11432
636.99995	915.04	890.73201	227.55672	51.664914	342.10407	0	236.10342	1	1.069074	0	427.07188
637.49995	891.2352	888.45508	229.1068	50.981935	337.59624	0	235.38944	1	1.0654454	0	423.95885
637.99995	894.8128	886.59282	230.72153	50.817494	336.45367	0	234.67817	1	1.0617793	0	421.19311
638.49995	877.7504	885.01557	232.0738	50.653677	335.3157	0	233.96961	1	1.0581252	0	418.97215
638.99995	889.3088	884.12917	233.81505	51.001828	337.49851	0	233.26374	1	1.0545324	0	417.05038
639.49995	853.12	882.71983	235.15147	50.837626	336.35868	0	232.56055	1	1.0510502	0	415.0078
639.99995	856.8352	881.24705	236.75065	50.674047	335.22343	0	231.86003	1	1.0477279	0	412.63637
640.49995	860.5504	878.91499	237.80182	50.511087	334.09274	0	231.16216	1	1.0446149	0	409.951
640.99995	872.7968	876.98133	239.31478	49.843864	329.69413	0	230.46694	1	1.0417605	0	407.19961
641.49995	896.464	874.98265	240.41131	49.683736	328.58332	0	229.77434	1	1.039214	0	404.797
641.99995	872.384	873.30371	241.31597	49.524215	327.47697	0	229.08437	1	1.0370249	0	402.90338
642.49995	891.2352	872.17144	242.48433	49.865389	329.61514	0	228.397	1	1.0352423	0	401.29011
642.99995	875.4112	870.87605	243.41851	49.206979	325.27754	0	227.71222	1	1.0339158	0	399.74532
643.49995	869.3568	869.73335	244.42989	49.546189	327.40315	0	227.03003	1	1.0330946	0	398.27343
643.99995	883.1168	868.44122	245.17112	48.892134	323.09567	0	226.35041	1	1.032822	0	396.91969
644.49995	865.0912	867.5105	246.193	49.229393	325.2088	0	225.67335	1	1.0330691	0	395.64415
644.99995	861.2384	865.83899	246.62403	49.071891	324.1182	0	224.99883	1	1.0337581	0	394.21613
645.49995	852.0192	864.18611	247.21904	48.424305	319.85544	0	224.32686	1	1.0348103	0	392.64021
645.99995	859.1744	862.30752	247.4213	48.269536	318.78398	0	223.6574	1	1.0361473	0	391.22881
646.49995	887.2448	861.32553	248.24376	48.115349	317.71678	0	222.99047	1	1.0376905	0	390.09131
646.99995	863.8528	860.29654	248.85875	47.961743	316.65383	0	222.32603	1	1.0393611	0	389.11176
647.49995	833.168	858.86659	249.00826	47.808714	315.59511	0	221.66408	1	1.0410807	0	388.19425
647.99995	853.9456	857.74567	249.42711	47.65626	314.5406	0	221.00462	1	1.0427707	0	387.31394
648.49995	852.1568	856.37489	249.54489	47.504378	313.49028	0	220.34762	1	1.0443524	0	386.48238
648.99994	850.6432	855.31883	249.88022	47.353067	312.44414	0	219.69308	1	1.0457473	0	385.74553
649.49994	864.9536	853.91449	249.76189	47.202324	311.40214	0	219.04098	1	1.0468768	0	385.11161
649.99994	870.1824	852.43213	249.62719	47.529082	313.44813	0	218.39133	1	1.0476623	0	384.41361
650.49994	861.6512	850.88225	249.62262	46.90253	309.33054	0	217.74409	1	1.0480251	0	383.51554
650.99994	844.4512	849.05337	249.57584	47.22742	311.36458	0	217.09927	1	1.0478869	0	382.37826
651.49994	842.112	846.75629	249.4851	47.077435	310.32898	0	216.45685	1	1.0471688	0	380.81434
651.99994	857.6608	844.44188	249.72998	46.457037	306.25379	0	215.81682	1	1.0458107	0	378.89508
652.49994	849.9552	841.78765	249.62828	46.309649	305.23632	0	215.17917	1	1.043858	0	376.98019
652.99994	850.0928	839.56118	249.96202	46.630838	307.2467	0	214.5439	1	1.0413943	0	375.05526
653.49994	829.4528	836.56944	249.72093	46.016523	303.2134	0	213.91098	1	1.0385031	0	372.93753
653.99994	826.288	833.51631	249.42923	45.87078	302.20792	0	213.28041	1	1.0352677	0	370.80667
654.49994	825.3248	830.52752	249.02669	45.725582	301.20642	0	212.65218	1	1.0317718	0	368.84864
654.99994	819.408	827.80803	248.8615	46.043119	303.19346	0	212.02628	1	1.0280988	0	366.92025
655.49994	807.4368	824.79727	248.52696	45.436807	299.21522	0	211.4027	1	1.0243322	0	364.86762
655.99994	818.4448	821.55245	248.06068	45.752536	301.19071	0	210.78142	1	1.0205556	0	362.71035
656.49994	806.4736	818.35795	247.64729	45.15018	297.23966	0	210.16244	1	1.0168524	0	360.54821
656.99994	802.208	815.28365	247.11115	45.007666	296.2577	0	209.54575	1	1.0133061	0	358.62675
657.49994	797.1168	812.56757	246.68379	45.320705	298.21601	0	208.93133	1	1.0100003	0	356.95245
657.99994	807.9872	809.62557	246.11201	45.17783	297.23222	0	208.31919	1	1.0070184	0	355.19438
658.49994	811.7024	806.69032	245.79767	45.035486	296.25229	0	207.70929	1	1.0044439	0	353.18336
658.99994	790.7872	803.21282	244.95212	44.442888	292.36827	0	207.10165	1	1.0023603	0	351.15905
659.49994	783.4944	800.17408	244.20542	44.303002	291.40542	0	206.49624	1	1.0008512	0	349.47242
659.99994	818.5824	797.51522	243.53094	44.611616	293.33547	0	205.89305	1	1.0000001	0	348.09122
660.49994	823.2608	795.05848	242.96683	44.024784	289.49101	0	205.29209	1	1	0	346.79956
660.99994	810.6016	792.07456	241.85188	44.331649	291.40989	0	204.69333	1	1	0	345.52936
661.49994	789.4112	789.35064	241.00483	43.748625	287.59155	0	204.09677	1	1	0	344.24904
661.99994	792.4384	786.736	240.32641	44.053751	289.49932	0	203.50239	1	1	0	342.90719
662.49994	789.824	783.66856	239.28822	43.474506	285.70689	0	202.91019	1	1	0	341.47015
662.99994	770.1472	781.31761	238.92264	43.338206	284.77007	0	202.32016	1	1	0	340.07481
663.49994	773.1744	779.01646	238.43627	43.20241	283.8369	0	201.73229	1	1	0	338.84789
663.99994	786.5216	776.71817	237.76763	43.067116	282.90737	0	201.14657	1	1	0	337.80397
664.49994	769.0464	774.39672	236.91373	42.93232	281.98145	0	200.56299	1	1	0	336.92
664.99994	771.936	772.43241	236.40768	43.2323	283.85636	0	199.98154	1	1	0	336.0432
665.49994	792.8512	770.09639	235.66352	42.66422	280.14041	0	199.40221	1	1	0	335.03066
665.99994	774.8256	767.33519	234.64729	42.962506	282.00451	0	198.82499	1	1	0	333.86291
666.49994	751.1584	764.40265	233.59603	42.398093	278.31364	0	198.24987	1	1	0	332.55675
666.99994	742.7648	761.39372	232.43738	42.265763	277.40557	0	197.67685	1	1	0	331.2795
667.49994	721.9872	758.67361	231.37542	42.133921	276.50102	0	197.10591	1	1	0	330.19229
667.99994	711.392	756.12826	230.31175	42.002563	275.59998	0	196.53704	1	1	0	329.27948
668.49994	733.6832	753.5624	229.25513	42.296664	277.43736	0	195.97024	1	1	0	328.33702
668.99994	769.3216	750.9521	228.30684	41.741294	273.80834	0	195.4055	1	1	0	327.23976
669.49994	741.8016	748.33241	227.27615	41.611379	272.91772	0	194.8428	1	1	0	326.21347
669.99994	739.7376	745.95702	226.20007	41.48194	272.03053	0	194.28214	1	1	0	325.4748
670.49994	750.8832	743.80545	225.1948	41.772741	273.84687	0	193.72352	1	1	0	324.88714
670.99994	733.6832	741.48615	224.19345	41.642959	272.95789	0	193.16691	1	1	0	324.1258
671.49994	736.848	738.71283	223.0188	41.513652	272.07234	0	192.61232	1	1	0	323.08172
671.99994	723.9136	736.11424	222.0843	40.968913	268.51592	0	192.05972	1	1	0	321.97021
672.49994	720.7488	733.35058	220.91437	41.256457	270.31147	0	191.50913	1	1	0	320.92708
672.99994	742.4896	730.56978	219.81285	41.128564	269.43612	0	190.96052	1	1	0	319.79642
673.49994	740.4256	727.94344	218.9567	40.589051	265.91535	0	190.41388	1	1	0	318.57286
673.99994	735.7472	725.48862	218.23181	40.87418	267.6955	0	189.86922	1	1	0	317.38759
674.49994	737.2608	722.71811	217.16127	40.338117	264.19826	0	189.32651	1	1	0	316.23032
674.99994	724.7392	719.94793	216.14453	40.621649	265.96822	0	188.78576	1	1	0	315.01764
675.49994	731.2064	717.39049	215.44302	40.089012	262.49433	0	188.24695	1	1	0	313.70052
675.99994	736.0224	714.56262	214.4392	39.96514	261.64727	0	187.71007	1	1	0	312.41334
676.49994	748.4064	712.04132	213.57788	39.84172	260.80346	0	187.17513	1	1	0	311.28832
676.99994	727.4912	709.93741	212.96476	39.718749	259.96287	0	186.6421	1	1	0	310.33055
677.49994	722.8128	707.62553	211.95876	39.596226	259.12551	0	186.11097	1	1	0	309.5558
677.99994	729.4176	705.46473	210.88708	39.474148	258.29134	0	185.58175	1	1	0	308.99589
678.49994	725.4272	703.62321	210.02827	39.752171	260.02618	0	185.05443	1	1	0	308.54051
678.99994	702.0352	701.52202	209.02537	39.629761	259.19026	0	184.52899	1	1	0	307.96766
679.49994	681.9456	699.20267	207.9807	39.507795	258.35752	0	184.00542	1	1	0	307.21655
679.99994	671.6256	696.74507	206.90289	39.386271	257.52797	0	183.48373	1	1	0	306.35845
680.49994	691.8528	694.35162	205.9535	39.265189	256.70157	0	182.9639	1	1	0	305.43423
680.99994	677.68	691.9399	205.05749	39.144545	255.87833	0	182.44591	1	1	0	304.4365
681.49994	660.2048	689.75718	204.50356	39.024339	255.05822	0	181.92978	1	1	0	303.32385
681.99994	671.6256	687.05504	203.55721	38.904568	254.24123	0	181.41548	1	1	0	302.08235
682.49994	670.8	684.2585	202.51867	38.395204	250.92572	0	180.90301	1	1	0	300.83682
682.99994	664.8832	681.75113	201.65876	38.666325	252.61656	0	180.39236	1	1	0	299.70001
683.49994	669.5616	679.32712	200.78992	38.160187	249.32297	0	179.88353	1	1	0	298.65367
683.99994	675.7536	677.20483	200.14462	38.429801	251.00421	0	179.3765	1	1	0	297.68371
684.49994	683.3216	674.68602	199.01334	37.926866	247.73237	0	178.87127	1	1	0	296.80141
684.99994	685.5232	672.63382	198.29454	38.194984	249.40407	0	178.36783	1	1	0	295.97145
685.49994	684.6976	670.60269	197.71394	38.07821	248.60855	0	177.86617	1	1	0	295.02258
685.99994	656.7648	668.24645	196.95188	37.580034	245.36901	0	177.36629	1	1	0	293.92828
686.49994	635.5744	665.62608	195.9749	37.845924	247.02653	0	176.86817	1	1	0	292.78301
686.99994	653.1872	663.35439	195.34011	37.350892	243.80832	0	176.37182	1	1	0	291.64247
687.49994	649.7472	661.10275	194.56972	37.23694	243.03239	0	175.87721	1	1	0	290.65581
687.99994	648.5088	658.73469	193.53434	37.500623	244.67585	0	175.38436	1	1	0	289.81599
688.49994	638.8768	656.62632	192.76799	37.010263	241.48933	0	174.89324	1	1	0	288.96509
688.99994	659.6544	654.51146	192.08943	37.272487	243.12349	0	174.40385	1	1	0	288.01819
689.49994	642.7296	652.1869	191.30146	36.785214	239.95788	0	173.91618	1	1	0	286.96926
689.99994	642.0416	650.157	190.71457	36.673295	239.19649	0	173.43023	1	1	0	286.0122
690.49994	658.1408	648.46946	190.18186	36.561778	238.43796	0	172.94599	1	1	0	285.34161
690.99994	679.4688	646.57082	189.24525	36.821111	240.05372	0	172.46345	1	1	0	284.86213
691.49994	698.8704	645.04308	188.75567	36.709278	239.29349	0	171.9826	1	1	0	284.30482
691.99994	680.1568	643.03025	188.01026	36.597844	238.53611	0	171.50344	1	1	0	283.51655
692.49994	655.9392	640.79699	187.24646	36.48681	237.78157	0	171.02596	1	1	0	282.52457
692.99994	657.4528	638.46093	186.3938	36.010161	234.6879	0	170.55015	1	1	0	281.51698
693.49994	663.5072	636.56332	185.88335	36.265933	236.28099	0	170.07601	1	1	0	280.60396
693.99994	629.6576	634.1467	184.89887	36.156086	235.53492	0	169.60352	1	1	0	279.64431
694.49994	624.1536	631.746	183.98983	35.683906	232.47148	0	169.13269	1	1	0	278.62348
694.99994	602.9632	629.56616	183.24657	35.937568	234.05115	0	168.6635	1	1	0	277.65609
695.49994	614.6592	627.51163	182.55529	35.468341	231.00768	0	168.19595	1	1	0	276.76038
695.99994	635.8496	625.22598	181.5634	35.720608	232.57846	0	167.73003	1	1	0	275.93255
696.49994	632.1344	623.00337	180.5484	35.254311	229.5548	0	167.26573	1	1	0	275.18924
696.99994	607.2288	621.22806	179.89633	35.505192	231.11676	0	166.80305	1	1	0	274.52867
697.49994	614.5216	619.40891	179.25452	35.39806	230.39	0	166.34198	1	1	0	273.8124
697.99994	601.4496	617.22546	178.44363	35.291308	229.66596	0	165.88252	1	1	0	272.89931
698.49994	598.6976	614.99461	177.79756	35.184937	228.94461	0	165.42465	1	1	0	271.7724
698.99994	628.0064	612.9092	177.3482	34.725874	225.96981	0	164.96837	1	1	0	270.59263
699.49994	612.32	610.81233	176.71394	34.621312	225.26082	0	164.51368	1	1	0	269.58471
699.99994	609.4304	608.76741	176.02032	34.868086	226.79665	0	164.06056	1	1	0	268.68652
700.49994	616.5856	606.76321	175.40409	34.4133	223.85073	0	163.60901	1	1	0	267.75011
700.99994	611.9072	604.80577	174.74046	34.309848	223.14961	0	163.15902	1	1	0	266.90629
701.49994	603.9264	602.96174	173.95783	34.206763	222.4511	0	162.7106	1	1	0	266.29331
701.99994	607.6416	601.30963	173.28319	34.450843	223.9698	0	162.26372	1	1	0	265.76273
702.49994	612.5952	599.69895	172.81436	34.347455	223.26964	0	161.81839	1	1	0	265.0662
702.99994	601.5872	597.73226	172.11699	33.899694	220.37109	0	161.37459	1	1	0	264.24068
703.49994	585.9008	595.92692	171.5444	34.141776	221.87709	0	160.93233	1	1	0	263.45019
703.99994	599.6608	594.31703	171.08736	33.696789	218.99724	0	160.49159	1	1	0	262.73808
704.49994	590.992	592.61786	170.49391	33.937549	220.49483	0	160.05237	1	1	0	262.07157
704.99993	579.1584	590.62486	169.67032	33.835977	219.80754	0	159.61466	1	1	0	261.33988
705.49993	563.1968	589.02758	169.2404	33.395114	216.95548	0	159.17846	1	1	0	260.60872
705.99993	575.5808	587.11381	168.34713	33.633907	218.44056	0	158.74376	1	1	0	260.02291
706.49993	578.608	585.46238	167.60607	33.533406	217.76085	0	158.31055	1	1	0	259.54575
706.99993	607.2288	584.30893	167.13378	33.096623	214.93626	0	157.87883	1	1	0	259.29631
707.49993	605.8528	583.70768	166.62997	33.333467	216.40896	0	157.44859	1	1	0	259.62911
707.99993	586.176	583.94385	165.8954	32.899379	213.60251	0	157.01983	1	1	0	261.02862
708.49993	578.8832	585.98838	165.45027	32.801277	212.93931	41.615226	156.59253	1	1	0.13920969	263.94557
708.99993	582.3232	589.10962	164.86656	32.703521	212.27856	46.265864	156.1667	1	1	0.33787809	268.07635
709.49993	578.7456	592.2672	164.38833	32.937795	213.73493	49.812407	155.74233	1	1	0.52610517	272.13655
709.99993	568.0128	593.92609	163.83334	32.509038	210.96434	51.648314	155.3194	1	1	0.6340022	274.77335
710.49993	596.6336	594.12	163.50911	32.412309	210.31085	53.502704	154.89792	1	1	0.59361827	275.71297
710.99993	609.4304	593.93438	163.18757	32.31592	209.65977	55.049086	154.47788	1	1	0.42211771	276.26893
711.49993	609.0176	596.05677	162.71031	32.219869	209.01107	56.372152	154.05928	1	1	0.25325042	279.28718
711.99993	621.952	604.51162	162.36756	32.124155	208.36475	57.525066	153.6421	1	1	0.22919412	288.50196
712.49993	635.712	622.50388	162.09704	32.028776	207.7208	58.543549	153.22634	1	1	0.49212655	307.1805
712.99993	632.6848	650.64817	161.51838	32.258632	209.14909	60.025895	152.812	1	1	1.1592682	336.31779
713.49993	669.9744	686.99716	160.94863	32.162964	208.50354	60.8525	152.39906	1	1	2.1376631	373.64947
713.99993	708.0896	726.67048	160.30101	31.744641	205.80308	61.013546	151.98753	1	1	3.2290513	414.38193
714.49993	748.9568	763.60015	159.74742	31.972632	207.21953	62.28477	151.5774	1	1	4.2343857	452.27533
714.99993	788.3104	791.5772	159.39995	31.877965	206.58103	62.910231	151.16866	1	1	4.9547414	481.00859
715.49993	842.5248	806.49024	159.32298	31.463478	203.90632	62.878817	150.76131	1	1	5.2566611	496.40594
715.99993	830.1408	806.65599	159.15312	31.689622	205.31104	64.015623	150.35534	1	1	5.1799177	497.14753
716.49993	801.2448	792.55578	158.61278	31.277669	202.65333	63.889882	149.95075	1	1	4.7926094	483.99226
716.99993	753.4976	766.82888	158.09514	31.502592	204.0503	64.961049	149.54752	1	1	4.1628343	459.18622
717.49993	733.8208	732.90137	157.63764	31.093154	201.40947	64.75878	149.14566	1	1	3.359775	426.11807
717.99993	671.3504	695.0443	157.0376	31.001379	200.79093	65.14822	148.74516	1	1	2.4753629	389.26154
718.49993	641.6288	658.21624	156.38292	30.909924	200.17465	65.511174	148.34601	1	1	1.6231234	353.48731
718.99993	637.088	626.90537	155.81597	31.132426	201.55624	66.485443	147.94821	1	1	0.91743502	323.1412
719.49993	623.7408	604.51786	155.44391	30.727967	198.9488	66.16621	147.55175	1	1	0.47267624	301.5222
719.99993	584.9376	592.36972	155.10696	30.637464	198.33921	66.461948	147.15663	1	1	0.3724627	290.10614
720.49993	591.2672	589.31499	154.91334	30.547274	197.73184	66.738589	146.76283	1	1	0.53402082	287.63881
720.99993	607.7792	591.33142	154.50862	30.767387	199.09826	67.644444	146.37037	1	1	0.81857966	290.45243
721.49993	578.4704	593.96047	153.81656	30.367835	196.5237	67.239865	145.97922	1	1	1.087326	294.16469
721.99993	582.4608	594.35679	153.35375	30.278582	195.92291	67.466805	145.58939	1	1	1.2023104	295.41364
722.49993	598.9728	590.91272	153.08826	30.496922	197.27809	68.333053	145.20087	1	1	1.1046072	292.62359
722.99993	593.3312	583.60724	152.50793	30.407391	196.67575	68.533985	144.81366	1	1	0.87668382	286.28565
723.49993	560.8576	575.54191	152.32187	30.012677	194.13358	68.064433	144.42774	1	1	0.61568447	278.7923
723.99993	573.104	569.59567	152.28156	29.924656	193.54145	68.238633	144.04312	1	1	0.41875325	273.27099
724.49993	575.856	567.66811	152.03039	29.836939	192.95145	68.401515	143.65979	1	1	0.37570081	271.97794
724.99993	572.1408	570.19056	151.45462	30.05236	194.28811	69.216269	143.27773	1	1	0.48900726	275.4582
725.49993	555.7664	576.69847	150.94312	29.662415	191.77785	68.695767	142.89696	1	1	0.70380732	282.85839
725.99993	593.056	585.51602	150.45868	29.876681	193.10718	69.493607	142.51746	1	1	0.96423389	292.53988
726.49993	614.2464	594.65182	149.98097	29.789296	192.51991	69.618243	142.13923	1	1	1.2144205	302.53162
726.99993	601.7248	602.33601	149.20857	29.402883	190.03328	69.066336	141.76227	1	1	1.4100129	311.36517
727.49993	598.9728	608.40759	148.67865	29.31697	189.45594	69.172831	141.38656	1	1	1.5474975	318.34238
727.99993	607.0912	612.18628	148.22646	29.528948	190.77076	69.941431	141.0121	1	1	1.6324127	322.94771
728.49993	601.4496	613.48017	147.98195	29.14603	188.30749	69.36268	140.63889	1	1	1.6702974	324.85932
728.99993	614.2464	612.03581	147.52376	29.061002	187.73636	69.446741	140.26693	1	1	1.6665624	324.24512
729.49993	619.0624	608.13586	146.91808	28.976266	187.16729	69.523991	139.8962	1	1	1.622198	321.32159
729.99993	603.5136	601.38995	145.91574	29.185985	188.46778	70.268086	139.5267	1	1	1.5327473	315.94751
730.49993	597.3216	592.32683	145.31756	29.100981	187.89719	70.333291	139.15843	1	1	1.3934176	307.85084
730.99993	591.8176	580.99521	145.0033	29.016269	187.32865	70.392472	138.79139	1	1	1.199416	297.20053
731.49993	556.592	567.99089	144.58103	28.64023	184.91133	69.770606	138.42556	1	1	0.95055111	284.9843
731.99993	550.5376	555.04076	144.13883	28.556941	184.35239	69.817945	138.06095	1	1	0.68062362	272.84098
732.49993	524.6688	543.96829	143.79928	28.763874	185.63523	70.536299	137.69755	1	1	0.4386638	262.47146
732.99993	538.5664	536.29509	143.516	28.39122	183.2405	69.897037	137.33534	1	1	0.27377364	255.44375
733.49993	556.3168	533.20427	143.26525	28.308786	182.68754	69.929196	136.97434	1	1	0.23494578	252.96468
733.99993	542.144	534.52352	142.85988	28.514069	183.95991	70.634112	136.61453	1	1	0.34086805	255.04911
734.49993	520.128	539.1896	142.52529	28.144764	181.58754	69.979673	136.25591	1	1	0.53873001	260.4084
734.99993	547.7856	545.11461	142.06428	28.063174	181.04048	69.998335	135.89848	1	1	0.76541495	267.15186
735.49993	552.1888	550.40632	141.59912	27.981864	180.49537	70.012828	135.54222	1	1	0.95780617	273.26498
735.99993	551.6384	553.86445	141.50466	27.900831	179.95221	70.023304	135.18714	1	1	1.0557141	277.17265
736.49993	560.72	554.30105	141.2236	27.820076	179.41099	70.029906	134.83323	1	1	1.0504783	278.24422
736.99993	547.9232	551.93347	140.74785	28.022103	180.66273	70.71136	134.48049	1	1	0.97747301	276.70513
737.49993	538.5664	548.01867	140.44814	27.659392	178.33431	70.032031	134.12891	1	1	0.87348904	273.44162
737.99993	548.8864	543.42111	139.86521	27.579461	177.79885	70.02781	133.77848	1	1	0.77531726	269.77742
738.49993	551.2256	539.43284	139.15689	27.499802	177.26529	70.020226	133.42921	1	1	0.71392273	266.84675
738.99993	525.0816	537.02961	138.69366	27.420416	176.73362	70.009394	133.08108	1	1	0.69237924	265.25487
739.49993	533.888	536.30696	138.42531	27.3413	176.20385	69.995423	132.73409	1	1	0.70542336	265.14756
739.99993	537.328	536.52875	137.89068	27.540131	177.43535	70.656893	132.38825	1	1	0.7477902	266.24982
740.49993	552.464	537.94485	137.77174	27.183875	175.14993	69.958472	132.04354	1	1	0.81413818	268.12958
740.99993	534.9888	539.3267	137.23519	27.105564	174.62577	69.935687	131.69995	1	1	0.89405973	270.39155
741.49993	537.1904	540.33735	136.66524	27.30282	175.84729	70.588175	131.3575	1	1	0.96901499	272.31461
741.99993	529.072	539.84185	135.91923	27.224253	175.32169	70.559774	131.01616	1	1	1.0197308	272.90646
742.49993	543.7952	537.93895	135.64134	26.872226	173.06442	69.851185	130.67594	1	1	1.0269339	271.62167
742.99993	526.4576	534.0834	135.2156	26.794974	172.54764	69.817915	130.33683	1	1	0.97399038	268.53097
743.49993	533.6128	528.78565	134.84724	26.990151	173.756	70.459278	129.99883	1	1	0.87148783	263.93958
743.99993	527.9712	522.63313	134.48062	26.641257	171.51957	69.744193	129.66193	1	1	0.74606153	258.49059
744.49993	526.0448	517.01028	134.4141	26.564788	171.00826	69.703887	129.32612	1	1	0.62455374	253.27006
744.99993	512.2848	512.4197	134.19368	26.758423	172.20685	70.337459	128.99142	1	1	0.53380674	249.2346
745.49993	495.7728	509.22668	133.62245	26.412628	169.99104	69.616731	128.6578	1	1	0.49670014	246.94643
745.99993	515.1744	508.33125	133.36689	26.605243	171.18317	70.24534	128.32527	1	1	0.51105421	246.63909
746.49993	502.6528	509.34636	133.15467	26.261497	168.98098	69.521282	127.99382	1	1	0.56492167	248.19787
746.99993	507.6064	511.59307	132.71358	26.453097	170.16669	70.145095	127.66345	1	1	0.6463331	251.21605
747.49993	513.7984	514.43994	132.03343	26.37741	169.66113	70.092075	127.33415	1	1	0.74331907	255.07237
747.99993	521.2288	517.6606	131.39046	26.036711	167.47918	69.36361	127.00592	1	1	0.84418434	259.26422
748.49993	534.0256	520.88407	130.78021	26.226801	168.65534	69.980519	126.67875	1	1	0.94051429	263.42511
748.99993	520.816	523.78031	130.27346	25.888115	166.48677	69.249478	126.35264	1	1	1.026056	267.1542
749.49993	516.1376	525.76624	129.69962	26.077207	167.65661	69.861959	126.02759	1	1	1.0945948	270.03902
749.99993	522.88	526.86917	129.53239	26.002788	167.15987	69.800178	125.7036	1	1	1.1399157	271.63319
750.49993	530.7232	526.14319	129.01206	25.667096	165.01117	69.065773	125.38065	1	1	1.1558069	271.75049
750.99993	537.1904	523.81521	128.30267	25.854701	166.17161	69.67185	125.05874	1	1	1.1393058	270.4538
751.49993	504.4416	520.37955	127.74589	25.520988	164.03604	68.935509	124.73788	1	1	1.0969683	267.89578
751.99993	515.5872	516.23861	127.34808	25.448303	163.55104	68.86817	124.41805	1	1	1.0370844	264.47249
752.49993	517.9264	511.97279	127.22156	25.375862	163.06773	68.799416	124.09925	1	1	0.96794404	260.65198
752.99993	506.2304	507.46438	126.84653	25.303664	162.58611	68.729285	123.78148	1	1	0.89783698	256.83638
753.49993	503.4784	503.45375	126.61069	25.231709	162.10618	68.657816	123.46473	1	1	0.8350471	253.37833
753.99993	495.4976	499.70709	126.14881	25.416381	163.24807	69.251842	123.149	1	1	0.78565567	250.40927
754.49993	487.9296	496.98984	126.26717	25.344184	162.76675	69.177151	122.83429	1	1	0.75027604	247.88838
754.99993	497.6992	494.33947	125.88286	25.017289	160.67641	68.435749	122.52059	1	1	0.72868751	245.93601
755.49993	503.0656	492.57204	125.63123	25.200515	161.80916	69.02408	122.2079	1	1	0.7206694	244.73291
755.99993	496.048	491.98606	125.77712	24.875538	159.73153	68.28167	121.89622	1	1	0.72600101	244.31272
756.49993	496.4608	492.12062	125.94126	25.057807	160.85822	68.866311	121.58553	1	1	0.74446166	244.59383
756.99993	489.856	492.39132	125.75769	24.986812	160.38524	68.785746	121.27584	1	1	0.77546359	245.35779
757.49993	487.3792	492.82472	125.39237	24.664687	158.32651	68.042149	120.96714	1	1	0.81573735	246.46521
757.99993	472.2432	493.50391	125.02554	24.845531	159.4442	68.621407	120.65943	1	1	0.86082356	247.81894
758.49993	515.0368	494.59105	124.99366	24.525292	157.39796	67.877221	120.35271	1	1	0.90625748	249.24469
758.99993	491.7824	495.55275	124.8644	24.455943	156.9361	67.793267	120.04697	1	1	0.94757439	250.64139
759.49993	495.2224	495.99724	124.50236	24.635376	158.04486	68.367307	119.7422	1	1	0.98030956	251.75268
759.99993	497.8368	496.08254	124.45725	24.565792	157.58165	68.280692	119.43841	1	1	0.99999825	252.18688
760.49993	474.9952	495.34367	124.25503	24.249283	155.56012	67.535773	119.13559	1	1	1	251.95305
760.99992	482.976	494.14078	123.87502	24.180856	155.10464	67.448149	118.83373	1	1	1	251.43203
761.49992	492.608	492.80302	123.38863	24.112656	154.65073	67.359669	118.53284	1	1	1	250.88155
761.99992	501.552	491.89383	123.32037	24.044683	154.1984	67.270356	118.2329	1	1	1	250.34056
762.49992	505.68	490.80784	123.07028	23.976937	153.74763	67.180234	117.93392	1	1	1	249.80364
762.99992	469.0784	489.89874	122.98017	23.909415	153.29842	67.089325	117.63589	1	1	1	249.28267
763.49992	485.4528	488.84391	122.68959	23.842119	152.85077	66.997651	117.33881	1	1	1	248.81551
763.99992	496.048	487.91536	122.46154	23.775046	152.40466	66.905232	117.04267	1	1	1	248.41115
764.49992	495.0848	486.84481	122.14562	23.949865	153.48427	67.462907	116.74748	1	1	1	247.95171
764.99992	475.9584	485.73153	121.89203	23.641567	151.51705	66.718242	116.45322	1	1	1	247.38629
765.49992	474.8576	485.13998	122.09465	23.57516	151.07555	66.623712	116.15989	1	1	1	246.88545
765.99992	478.4352	484.22676	121.91258	23.748622	152.14659	67.176746	115.86749	1	1	1	246.44668
766.49992	468.2528	483.08346	121.67416	23.681986	151.70376	67.080027	115.57602	1	1	1	245.83329
766.99992	472.5184	481.65744	121.30367	23.377257	149.76013	66.336202	115.28547	1	1	1	245.0683
767.49992	457.3824	480.48231	121.09294	23.311725	149.32468	66.239119	114.99584	1	1	1	244.39353
767.99992	467.84	479.17163	120.65943	23.483397	150.38441	66.786131	114.70713	1	1	1	243.80507
768.49992	470.0416	478.25221	120.6256	23.181313	148.45825	66.043191	114.41933	1	1	1	243.20729
768.99992	485.3152	477.23226	120.38527	23.116429	148.02727	65.944377	114.13243	1	1	1	242.71456
769.49992	489.9936	476.26516	120.123	23.286772	149.07861	66.486988	113.84644	1	1	1	242.29571
769.99992	472.3808	475.21995	119.94002	23.221663	148.64633	66.386183	113.56136	1	1	1	241.71858
770.49992	484.0768	474.06717	119.78906	22.923063	146.74318	65.644732	113.27717	1	1	1	241.00094
770.99992	491.92	472.83934	119.47185	22.859033	146.31808	65.543833	112.99388	1	1	1	240.37361
771.49992	489.3056	471.59917	119.05371	23.027623	147.35836	66.080715	112.71147	1	1	1	239.83399
771.99992	496.5984	470.65005	118.9718	22.731605	145.47225	65.340595	112.42996	1	1	1	239.24829
772.49992	501.552	469.37664	118.65935	22.899326	146.50704	65.87467	112.14933	1	1	1	238.56797
772.99992	506.6432	468.03023	118.36398	22.605015	144.6322	65.135532	111.86958	1	1	1	237.79667
773.49992	488.48	466.64455	118.0097	22.542032	144.21432	65.03235	111.59071	1	1	1	237.04413
773.99992	472.3808	465.51784	117.80308	22.479257	143.79788	64.928751	111.31272	1	1	1	236.40205
774.49992	463.5744	464.47843	117.55947	22.416688	143.38285	64.824748	111.03559	1	1	1	235.88336
774.99992	468.2528	463.58833	117.35612	22.354325	142.96925	64.720353	110.75934	1	1	1	235.47287
775.49992	471.28	462.72354	117.1753	22.519471	143.98779	65.246214	110.48395	1	1	1	235.06429
775.99992	475.5456	461.97155	117.198	22.230212	142.14626	64.510436	110.20942	1	1	1	234.56414
776.49992	464.2624	460.86265	116.93061	22.39451	143.15945	65.033625	109.93575	1	1	1	233.99629
776.99992	464.6752	459.82093	116.77207	22.106912	141.32887	64.299094	109.66293	1	1	1	233.38593
777.49992	467.7024	458.70734	116.5997	22.270367	142.33675	64.81964	109.39097	1	1	1	232.71667
777.99992	476.3712	457.31424	116.21925	21.984419	140.51703	64.086415	109.11985	1	1	1	231.97515
778.49992	474.4448	456.09867	115.98903	21.923473	140.11319	63.979601	108.84958	1	1	1	231.26006
778.99992	449.264	455.04083	115.78807	21.862727	139.71071	63.872485	108.58015	1	1	1	230.67261
779.49992	444.3104	454.06891	115.55852	21.80218	139.3096	63.765076	108.31157	1	1	1	230.19883
779.99992	452.5664	453.07397	115.33159	21.963549	140.30432	64.279141	108.04381	1	1	1	229.69857
780.49992	444.8608	451.98714	115.12586	21.681678	138.51146	63.549421	107.77689	1	1	1	229.08439
780.99992	466.464	451.15376	115.14185	21.621722	138.11442	63.441193	107.5108	1	1	1	228.50111
781.49992	458.896	450.20081	114.88766	21.561962	137.71872	63.332712	107.24554	1	1	1	228.06761
781.99992	424.7712	449.2563	114.59705	21.721685	138.70307	63.841712	106.9811	1	1	1	227.67815
782.49992	443.4848	448.21177	114.27613	21.443026	136.93135	63.115021	106.71748	1	1	1	227.21816
782.99992	448.4384	447.08447	113.94784	21.601933	137.91055	63.621528	106.45468	1	1	1	226.68195
783.49992	431.9264	445.87629	113.5546	21.324864	136.14929	62.89642	106.19269	1	1	1	226.129
783.99992	456.4192	445.10032	113.45472	21.266072	135.76024	62.786799	105.93151	1	1	1	225.71409
784.49992	446.7872	444.40968	113.28992	21.423765	136.73178	63.289609	105.67115	1	1	1	225.44861
784.99992	435.6416	443.73372	113.1706	21.364761	136.34151	63.178565	105.41158	1	1	1	225.15154
785.49992	442.2464	443.01526	113.1303	21.30595	135.95256	63.067331	105.15282	1	1	1	224.73214
785.99992	444.7232	442.31241	113.20868	21.247329	135.56492	62.955916	104.89486	1	1	1	224.20886
786.49992	434.128	441.26931	113.05302	21.188899	135.17858	62.844327	104.6377	1	1	1	223.57859
786.99992	423.9456	440.15402	112.93803	21.130658	134.79355	62.732571	104.38132	1	1	1	222.83466
787.49992	428.2112	439.16378	112.972	20.859843	133.07341	62.014206	104.12574	1	1	1	222.06604
787.99992	448.9888	438.01121	112.79403	21.014744	134.02736	62.50859	103.87095	1	1	1	221.34624
788.49992	437.568	436.95965	112.65782	20.745466	132.31733	61.792002	103.61694	1	1	1	220.68489
788.99992	437.8432	435.96258	112.41789	20.688555	131.94119	61.680692	103.36371	1	1	1	220.18097
789.49992	455.0432	435.0658	112.16257	20.842277	132.88771	62.171544	103.11126	1	1	1	219.79197
789.99992	443.76	434.20051	112.02483	20.78516	132.51038	62.058936	102.85959	1	1	1	219.3161
790.49992	424.496	433.13724	111.75762	20.518926	130.82034	61.346006	102.60869	1	1	1	218.77093
790.99992	432.6144	432.29344	111.68895	20.671479	131.7595	61.83337	102.35856	1	1	1	218.24594
791.49992	428.2112	431.35817	111.60406	20.614915	131.38595	61.720425	102.10919	1	1	1	217.64492
791.99992	434.2656	430.26278	111.45032	20.350938	129.71073	61.010317	101.8606	1	1	1	216.95186
792.49992	429.312	429.35499	111.51612	20.502332	130.6426	61.494238	101.61276	1	1	1	216.22611
792.99992	434.5408	428.15344	111.31801	20.239847	128.97717	60.786048	101.36568	1	1	1	215.46975
793.49992	435.2288	426.90334	111.02048	20.184571	128.61223	60.673788	101.11936	1	1	1	214.7635
793.99992	428.7616	425.93496	110.87192	20.129473	128.24851	60.561451	100.87379	1	1	1	214.18926
794.49992	433.5776	424.78426	110.38883	20.074552	127.88601	60.449043	100.62897	1	1	1	213.76645
794.99992	428.8992	424.31381	110.41668	20.019808	127.52471	60.33657	100.3849	1	1	1	213.51223
795.49992	421.744	423.61279	110.13175	20.168917	128.44218	60.813724	100.14157	1	1	1	213.33948
795.99992	401.6544	422.95321	109.98383	20.113973	128.07972	60.700077	99.898987	1	1	1	213.07039
796.49992	420.6432	421.8841	109.59407	20.059205	127.71847	60.586379	99.657142	1	1	1	212.63289
796.99992	410.4608	421.11782	109.67411	20.004613	127.35842	60.472635	99.416034	1	1	1	212.02768
797.49992	415.1392	419.93729	109.51305	19.950196	126.99957	60.358849	99.17566	1	1	1	211.24858
797.99992	410.4608	418.44486	109.12913	19.695024	125.38211	59.660629	98.936017	1	1	1	210.37972
798.49992	419.4048	417.12598	108.82553	19.6415	125.02916	59.547834	98.697103	1	1	1	209.60335
798.99992	418.1664	416.19135	108.72154	19.588148	124.67738	59.435012	98.458914	1	1	1	209.01089
799.49992	411.8368	415.30532	108.51388	19.534968	124.32677	59.322168	98.221449	1	1	1	208.56999
799.99992	413.488	414.13718	108.00461	19.680722	125.22313	59.789457	97.984705	1	1	1	208.14787
800.49992	414.864	412.88762	107.4732	19.429116	123.62905	59.096428	97.748679	1	1	1	207.66575
800.99992	414.864	411.75672	107.013	19.376445	123.28192	58.983541	97.513368	1	1	1	207.23035
801.49992	411.9744	411.3136	107.17142	19.521101	124.17137	59.447614	97.27877	1	1	1	206.86341
801.99992	421.056	410.11855	106.56478	19.271607	122.59112	58.757754	97.044882	1	1	1	206.50889
802.49992	399.5904	409.34513	106.35832	19.415537	123.47599	59.219701	96.811701	1	1	1	206.17511
802.99992	399.04	408.38429	106.01252	19.363007	123.13003	59.105751	96.579226	1	1	1	205.79255
803.49992	402.8928	407.50688	105.88947	19.310645	122.78521	58.991811	96.347453	1	1	1	205.26996
803.99992	412.2496	406.40002	105.68658	19.258451	122.44153	58.877884	96.11638	1	1	1	204.59706
804.49992	400.6912	405.21894	105.42999	19.01243	120.88402	58.193391	95.886004	1	1	1	203.90295
804.99992	404.8192	404.63247	105.59039	18.961089	120.54598	58.080567	95.656323	1	1	1	203.38577
805.49992	399.5904	403.9577	105.52177	19.102864	121.41729	58.536221	95.427334	1	1	1	203.0086
805.99992	399.5904	402.89892	105.12706	19.051331	121.07813	58.422384	95.199035	1	1	1	202.57283
806.49992	382.8032	401.86307	104.79225	18.808048	119.53854	57.742251	94.971424	1	1	1	202.09939
806.99992	390.6464	401.16069	104.70992	18.948759	120.40317	58.194807	94.744497	1	1	1	201.70627
807.49992	409.6352	400.57666	104.73892	18.897717	120.06735	58.081074	94.518252	1	1	1	201.31949
807.99992	400.9664	399.8887	104.75473	18.846838	119.73264	57.967381	94.292687	1	1	1	200.84129
808.49992	407.984	398.92094	104.60274	18.79612	119.39903	57.853733	94.0678	1	1	1	200.2504
808.99992	391.7472	398.10533	104.7101	18.745564	119.06652	57.740131	93.843587	1	1	1	199.55165
809.49992	381.2896	397.16512	104.7203	18.50632	117.55334	57.066635	93.620047	1	1	1	198.82477
809.99992	387.7568	396.12301	104.60359	18.644931	118.40477	57.513083	93.397177	1	1	1	198.12224
810.49992	387.8944	394.85979	104.25498	18.407017	116.90028	56.841821	93.174974	1	1	1	197.42983
810.99992	391.1968	394.16927	104.37488	18.357601	116.57536	56.7295	92.953437	1	1	1	196.84095
811.49992	400.416	393.24865	104.07453	18.308342	116.2515	56.617241	92.732562	1	1	1	196.44155
811.99992	371.6576	392.74481	104.11913	18.445574	117.09426	57.059682	92.512348	1	1	1	196.11334
812.49992	377.4368	391.74007	103.78197	18.396129	116.76932	56.946493	92.292792	1	1	1	195.6653
812.99992	396.4256	391.27948	104.07988	18.161499	115.28629	56.28086	92.073891	1	1	1	195.12571
813.49992	395.3248	390.33597	103.90462	18.297707	116.12262	56.720327	91.855644	1	1	1	194.5757
813.99992	367.5296	389.64832	104.10981	18.24873	115.80085	56.607356	91.638048	1	1	1	193.90046
814.49992	366.704	388.52	104.09184	18.016045	114.33053	55.945128	91.4211	1	1	1	193.00706
814.99992	380.6016	387.07481	104.09728	18.151238	115.16048	56.381649	91.204799	1	1	1	191.77273
815.49992	382.6656	384.33733	103.47967	17.91984	113.69856	55.7217	90.989142	1	1	1	189.86852
815.99992	373.8592	381.94812	104.34066	17.871965	113.38412	55.610111	90.774126	1	1	1	186.83333
816.49992	380.3264	376.12548	103.71252	17.824241	113.0707	55.498609	90.559749	1	1	1	181.85322
816.99991	378.2624	366.64837	103.25584	17.958094	113.89223	55.931243	90.34601	1	1	1	173.04653
817.49991	372.0704	346.34177	100.14978	17.729243	112.44694	55.275873	90.132905	1	1	1	156.05909
817.99991	8.0874011e-040	318.88075	102.57083	17.862432	113.2643	55.706581	89.920433	1	1	1	126.38949
